MA0076.2 ELK4
X	0.08695652	0.425445	0.25853518	0.22906332
X	0.11409396	0.5558798	0.16632624	0.16370003
X	0.593522	0.042311057	0.3028888	0.061278086
X	0.0	0.7843595	0.0046688067	0.2109717
X	0.0023344033	0.0	0.0	0.9976656
X	0.0	0.0	0.0	1.0
X	0.0	1.0	0.0	0.0
X	0.0	1.0	0.0	0.0
X	0.0	0.0	0.8505982	0.14940181
X	0.0	0.146192	0.82958853	0.024219435
X	0.084622115	0.36562592	0.19492267	0.3548293
>ELK4_2	ELK4_jolma_DBD_M92
A 0.671011 0.055787 0.165557 0.107645
C 0.074097 0.846037 0.065647 0.014219
C 0.060524 0.936766 0.002710 0.000000
G 0.000000 0.000998 0.999002 0.000000
G 0.000000 0.000000 0.986009 0.013991
A 0.996841 0.002438 0.000000 0.000721
A 0.819717 0.014087 0.000847 0.165349
R 0.326864 0.029842 0.638077 0.005217
Y 0.035594 0.303084 0.044663 0.616659
V 0.271465 0.200930 0.362769 0.164836
>ELK4_1	ELK4_jaspar_MA0076.1
A 0.800000 0.050000 0.100000 0.050000
C 0.000000 1.000000 0.000000 0.000000
C 0.000000 1.000000 0.000000 0.000000
G 0.000000 0.000000 1.000000 0.000000
G 0.000000 0.000000 1.000000 0.000000
A 1.000000 0.000000 0.000000 0.000000
W 0.800000 0.000000 0.000000 0.200000
R 0.200000 0.050000 0.750000 0.000000
Y 0.050000 0.300000 0.000000 0.650000
