>TATA_disc1 TAF1_GM12878_encode-Myers_seq_hsa_r1:MDscan#2#Intergenic
M 0.291667 0.583333 0.062500 0.062500
G 0.000000 0.000000 0.958333 0.041667
C 0.000000 0.958333 0.000000 0.041667
C 0.000000 1.000000 0.000000 0.000000
A 1.000000 0.000000 0.000000 0.000000
T 0.000000 0.000000 0.062500 0.937500
B 0.083333 0.437500 0.166667 0.312500
T 0.104167 0.041667 0.041667 0.812499
T 0.000000 0.000000 0.000000 1.000000
G 0.145833 0.145833 0.625001 0.083333
>TATA_disc5 TAF1_K562_encode-Myers_seq_hsa_v041610.1_r1:Trawler#3#Intergenic
A 1.000000 0.000000 0.000000 0.000000
A 1.000000 0.000000 0.000000 0.000000
G 0.000000 0.000000 1.000000 0.000000
C 0.000000 1.000000 0.000000 0.000000
G 0.000000 0.000000 1.000000 0.000000
R 0.318182 0.000000 0.681818 0.000000
A 1.000000 0.000000 0.000000 0.000000
R 0.590909 0.090909 0.227273 0.090909
>TATA_disc8 TAF1_HeLa-S3_encode-Myers_seq_hsa_r1:Weeder#3#Intergenic
C 0.080074 0.756052 0.108007 0.055866
G 0.096834 0.078212 0.772812 0.052142
G 0.057728 0.054004 0.877095 0.011173
M 0.631285 0.180633 0.130354 0.057728
A 0.711359 0.109870 0.126629 0.052142
G 0.065177 0.104283 0.780261 0.050279
Y 0.076350 0.253259 0.154562 0.515829
S 0.085661 0.648045 0.178771 0.087523
G 0.072626 0.096834 0.759777 0.070764
C 0.065177 0.746741 0.132216 0.055866
>TATA_disc10 TAF1_HepG2_encode-Myers_seq_hsa_PCR2x_r1:AlignACE#3#Intergenic
S 0.000000 0.243889 0.750555 0.005556
S 0.004444 0.471667 0.440556 0.083333
S 0.000556 0.663333 0.332222 0.003889
S 0.065000 0.361667 0.512222 0.061111
S 0.000000 0.611667 0.387222 0.001111
N 0.235000 0.335000 0.224444 0.205556
G 0.000000 0.135556 0.864444 0.000000
S 0.071667 0.716666 0.203889 0.007778
S 0.087222 0.331111 0.442222 0.139444
S 0.000000 0.458889 0.541111 0.000000
>TATA_disc2 TAF1_GM12891_encode-Myers_seq_hsa_r1:MDscan#1#Intergenic
V 0.411765 0.176471 0.382353 0.029412
T 0.000000 0.000000 0.000000 1.000000
G 0.029412 0.000000 0.882353 0.088235
A 0.970588 0.000000 0.029412 0.000000
M 0.205882 0.705882 0.058824 0.029412
G 0.029412 0.058824 0.764705 0.147059
T 0.000000 0.000000 0.000000 1.000000
C 0.088235 0.911765 0.000000 0.000000
A 1.000000 0.000000 0.000000 0.000000
B 0.029412 0.352941 0.176471 0.441176
>TATA_disc7 TAF1_GM12891_encode-Myers_seq_hsa_r1:MEME#2#Intergenic
R 0.348000 0.092000 0.504000 0.056000
V 0.412000 0.184000 0.384000 0.020000
V 0.524000 0.256000 0.196000 0.024000
R 0.248000 0.004000 0.696000 0.052000
R 0.328000 0.120000 0.548000 0.004000
M 0.588000 0.272000 0.140000 0.000000
R 0.512000 0.084000 0.384000 0.020000
V 0.228000 0.200000 0.564000 0.008000
H 0.352000 0.384000 0.092000 0.172000
G 0.104000 0.080000 0.776000 0.040000
R 0.228000 0.056000 0.708000 0.008000
R 0.624000 0.152000 0.224000 0.000000
R 0.756000 0.000000 0.220000 0.024000
R 0.256000 0.084000 0.656000 0.004000
N 0.284000 0.260000 0.200000 0.256000
>TATA_disc3 TAF1_GM12892_encode-Myers_seq_hsa_v041610.2_r1:Trawler#2#Intergenic
A 1.000000 0.000000 0.000000 0.000000
C 0.000000 1.000000 0.000000 0.000000
C 0.000000 1.000000 0.000000 0.000000
G 0.000000 0.164557 0.835443 0.000000
S 0.050633 0.177215 0.746835 0.025316
M 0.670886 0.329114 0.000000 0.000000
M 0.531646 0.341772 0.000000 0.126582
V 0.253165 0.227848 0.392405 0.126582
