MA0137.3 STAT1
X	0.10085423	0.2014329	0.21631303	0.48139983
X	0.0	0.014329016	0.0	0.985671
X	0.0	0.001653348	0.030311381	0.9680353
X	0.09947644	0.8988702	0.001653348	0.0
X	0.030035822	0.553596	0.0	0.41636816
X	0.47919536	0.0	0.45108846	0.06971618
X	0.044915956	0.0	0.955084	0.0
X	0.007991182	0.0019289061	0.9440617	0.046018187
X	0.99751997	0.0	0.0024800221	0.0
X	0.99862224	0.00137779	0.0	0.0
X	0.5177735	0.08569854	0.19977956	0.19674842
>STAT_known2	STAT1_1	STAT1_transfac_M00224
B 0.080000 0.180000 0.419000 0.321000
D 0.232232 0.097097 0.372372 0.298298
B 0.138723 0.312375 0.197605 0.351297
V 0.175175 0.379379 0.381381 0.064064
A 0.595405 0.134865 0.150849 0.118881
H 0.311688 0.262737 0.093906 0.331668
T 0.000000 0.000000 0.000000 1.000000
T 0.000000 0.000000 0.000000 1.000000
C 0.039000 0.909000 0.020000 0.032000
C 0.000000 1.000000 0.000000 0.000000
S 0.000000 0.325000 0.675000 0.000000
G 0.000000 0.000000 1.000000 0.000000
G 0.038038 0.000000 0.949950 0.012012
A 1.000000 0.000000 0.000000 0.000000
A 1.000000 0.000000 0.000000 0.000000
D 0.362637 0.087912 0.294705 0.254745
T 0.111000 0.111000 0.111000 0.667000
R 0.198198 0.105105 0.696697 0.000000
R 0.248000 0.127000 0.466000 0.159000
S 0.125125 0.367367 0.492492 0.015015
R 0.317682 0.125874 0.396603 0.159840
>STAT_disc3 STAT1_K562_encode-Snyder_seq_hsa_IFNa6h_r1:AlignACE#1#Intergenic
R 0.187500 0.000000 0.812500 0.000000
R 0.687500 0.000000 0.312500 0.000000
A 1.000000 0.000000 0.000000 0.000000
A 1.000000 0.000000 0.000000 0.000000
V 0.400000 0.243750 0.200000 0.156250
H 0.168750 0.243750 0.131250 0.456250
G 0.000000 0.000000 1.000000 0.000000
A 1.000000 0.000000 0.000000 0.000000
A 1.000000 0.000000 0.000000 0.000000
A 1.000000 0.000000 0.000000 0.000000
S 0.000000 0.700000 0.300000 0.000000
Y 0.050000 0.243750 0.000000 0.706250
MA0517.1 STAT2::STAT1
X	0.11129032	0.1016129	0.12419355	0.66290325
X	0.24193548	0.37096775	0.13548388	0.2516129
X	0.6935484	0.011290323	0.2435484	0.051612902
X	0.0048387097	0.23870967	0.7532258	0.0032258064
X	0.0	0.0032258064	0.0	0.9967742
X	0.0048387097	0.0032258064	0.0	0.9919355
X	0.0048387097	0.020967742	0.006451613	0.9677419
X	0.0	0.9370968	0.0	0.062903225
X	0.41129032	0.12096774	0.30806452	0.15967742
X	0.17258064	0.17903225	0.2596774	0.38870966
X	0.006451613	0.020967742	0.016129032	0.9564516
X	0.016129032	0.0032258064	0.0	0.9806452
X	0.006451613	0.27419356	0.006451613	0.7129032
X	0.024193548	0.7887097	0.014516129	0.17258064
X	0.045161292	0.58870965	0.058064517	0.30806452
>STAT_known10	STAT1_3	STAT1_transfac_M00496
V 0.227723 0.326733 0.346535 0.099010
N 0.383838 0.171717 0.171717 0.272727
T 0.150000 0.130000 0.120000 0.600000
T 0.000000 0.000000 0.040000 0.960000
T 0.020000 0.000000 0.020000 0.960000
M 0.290000 0.670000 0.040000 0.000000
Y 0.080000 0.560000 0.150000 0.210000
N 0.190000 0.310000 0.310000 0.190000
>STAT_disc1 STAT1_HeLa-S3_encode-Snyder_seq_hsa_IFNg30_r1:MDscan#1#Intergenic
Y 0.145594 0.295019 0.130268 0.429119
T 0.000000 0.000000 0.000000 1.000000
T 0.000000 0.000000 0.000000 1.000000
C 0.076628 0.923372 0.000000 0.000000
C 0.000000 0.931034 0.000000 0.068966
H 0.310345 0.199234 0.164751 0.325670
G 0.000000 0.000000 1.000000 0.000000
G 0.000000 0.000000 0.869732 0.130268
A 1.000000 0.000000 0.000000 0.000000
A 1.000000 0.000000 0.000000 0.000000
>STAT_known17	STAT1_4	STAT1_jaspar_MA0137.2
B 0.100144 0.518055 0.199807 0.181993
H 0.412981 0.238462 0.134135 0.214423
Y 0.120615 0.275829 0.069198 0.534358
T 0.004805 0.010572 0.005286 0.979337
T 0.003841 0.006721 0.018243 0.971195
C 0.050839 0.921343 0.006715 0.021103
C 0.011031 0.911271 0.003357 0.074341
H 0.253237 0.365468 0.055156 0.326139
R 0.333813 0.014868 0.619664 0.031655
G 0.025420 0.014388 0.815348 0.144844
A 0.911271 0.059472 0.013909 0.015348
A 0.973621 0.008153 0.011031 0.007194
R 0.457774 0.126200 0.264875 0.151152
Y 0.161538 0.365385 0.129808 0.343269
N 0.200770 0.387097 0.204622 0.207511
>STAT_known7	STAT1_2	STAT1_transfac_M00492
S 0.060000 0.570000 0.230000 0.140000
A 0.620000 0.130000 0.140000 0.110000
H 0.262626 0.272727 0.101010 0.363636
T 0.019802 0.019802 0.019802 0.940594
T 0.020000 0.030000 0.020000 0.930000
C 0.050000 0.890000 0.020000 0.040000
C 0.019802 0.940594 0.019802 0.019802
S 0.019802 0.475248 0.485149 0.019802
