>HEY1_disc1 HEY1_K562_encode-Myers_seq_hsa_r1:MDscan#1#Intergenic
T 0.000000 0.000000 0.000000 1.000000
G 0.137931 0.000000 0.862069 0.000000
A 1.000000 0.000000 0.000000 0.000000
M 0.206897 0.706896 0.000000 0.086207
K 0.051724 0.000000 0.724138 0.224138
T 0.000000 0.000000 0.000000 1.000000
C 0.000000 1.000000 0.000000 0.000000
A 1.000000 0.000000 0.000000 0.000000
B 0.051724 0.379310 0.344828 0.224138
V 0.241379 0.465517 0.172414 0.120690
>HEY1_disc2 HEY1_K562_encode-Myers_seq_hsa_r1:AlignACE#1#Intergenic
S 0.051780 0.454693 0.466019 0.027508
N 0.198220 0.307443 0.291262 0.203074
N 0.224110 0.247573 0.317152 0.211165
S 0.000000 0.396440 0.603560 0.000000
S 0.061489 0.587378 0.351133 0.000000
N 0.205502 0.259709 0.314725 0.220065
N 0.263754 0.223301 0.288026 0.224919
S 0.000000 0.508091 0.491909 0.000000
N 0.265372 0.261327 0.237864 0.235437
S 0.000000 0.313916 0.686084 0.000000
S 0.067961 0.572816 0.359223 0.000000
S 0.090615 0.341424 0.470874 0.097087
S 0.000000 0.487055 0.512945 0.000000
N 0.243528 0.260518 0.272654 0.223301
S 0.000000 0.310680 0.689320 0.000000
S 0.049353 0.574433 0.376214 0.000000
>HEY1_known1	HEY1_1	HEY1_jolma_DBD_M320
S 0.130917 0.227981 0.535650 0.105452
V 0.411324 0.196525 0.359197 0.032954
C 0.000298 0.994340 0.000894 0.004468
A 0.950456 0.008542 0.035023 0.005979
C 0.000000 1.000000 0.000000 0.000000
G 0.000000 0.005364 0.994636 0.000000
T 0.000000 0.124019 0.002616 0.873365
G 0.009381 0.005570 0.978599 0.006450
Y 0.099760 0.527861 0.113841 0.258538
C 0.142301 0.650688 0.111744 0.095267
