>AP1_disc4 JUND_GM12878_encode-Snyder_seq_hsa_r1:AlignACE#2#Intergenic
A 1.000000 0.000000 0.000000 0.000000
S 0.000000 0.296296 0.555556 0.148148
T 0.000000 0.000000 0.000000 1.000000
M 0.209877 0.790123 0.000000 0.000000
A 1.000000 0.000000 0.000000 0.000000
W 0.283951 0.061728 0.098765 0.555556
W 0.592593 0.086420 0.024691 0.296296
N 0.246914 0.358025 0.172840 0.222222
W 0.209877 0.000000 0.098765 0.691358
G 0.000000 0.000000 1.000000 0.000000
A 1.000000 0.000000 0.000000 0.000000
R 0.790123 0.000000 0.209877 0.000000
A 1.000000 0.000000 0.000000 0.000000
MA0491.1 JUND
X	0.3200465	0.019607337	0.35236374	0.30798244
X	0.39170757	0.12461896	0.48367348	0.0
X	0.0	0.0	0.0	1.0
X	0.0	0.0	1.0	0.0
X	1.0	0.0	0.0	0.0
X	0.0	0.5904676	0.36367863	0.045853786
X	0.0	0.0	0.0	1.0
X	0.039963834	0.96003616	0.0	0.0
X	1.0	0.0	0.0	0.0
X	0.0	0.1326789	0.059442006	0.8078791
X	0.14947042	0.3863601	0.32107982	0.14308964
>AP1_disc1 JUND_K562_encode-Snyder_seq_hsa_r1:MEME#1#Intergenic
V 0.418269 0.168269 0.413462 0.000000
T 0.000000 0.000000 0.000000 1.000000
G 0.000000 0.000000 0.927885 0.072115
A 0.980769 0.000000 0.019231 0.000000
C 0.004808 0.937499 0.019231 0.038462
G 0.081731 0.033654 0.879807 0.004808
T 0.000000 0.000000 0.000000 1.000000
C 0.072115 0.927885 0.000000 0.000000
A 0.995192 0.000000 0.000000 0.004808
Y 0.004808 0.461538 0.096154 0.437500
>AP1_disc6 JUND_H1-hESC_encode-Myers_seq_hsa_v041610.2_r1:MEME#2#Intergenic
Y 0.144444 0.277778 0.111111 0.466667
S 0.055556 0.699999 0.166667 0.077778
Y 0.066667 0.655555 0.088889 0.188889
D 0.311111 0.044444 0.344444 0.300000
S 0.033333 0.555556 0.277778 0.133333
K 0.044444 0.033333 0.177778 0.744445
C 0.033333 0.911112 0.044444 0.011111
C 0.000000 1.000000 0.000000 0.000000
R 0.366667 0.000000 0.588889 0.044444
G 0.000000 0.077778 0.866666 0.055556
G 0.077778 0.100000 0.822222 0.000000
Y 0.055556 0.200000 0.055556 0.688888
T 0.000000 0.122222 0.000000 0.877778
T 0.000000 0.000000 0.000000 1.000000
T 0.000000 0.033333 0.000000 0.966667
MA0492.1 JUND (var.2)
X	0.34040022	0.12863132	0.23775683	0.2932116
X	0.39951235	0.09598287	0.25931433	0.24519046
X	0.33483988	0.14379591	0.24114656	0.28021765
X	0.40486455	0.07290892	0.468645	0.053581517
X	0.75367963	0.0050251256	0.24129523	0.0
X	0.0	0.0	0.0	1.0
X	0.0	0.0	0.9964319	0.0035681366
X	1.0	0.0	0.0	0.0
X	0.0	0.30941692	0.24640957	0.44417354
X	0.15235943	0.054235674	0.7934049	0.0
X	0.0	0.11700515	0.0	0.88299483
X	0.2614552	0.73435223	0.0041925604	0.0
X	1.0	0.0	0.0	0.0
X	0.007939104	0.16264756	0.07157087	0.7578425
X	0.304927	0.3223514	0.18884362	0.18387797
