>BDP1_disc3 POLR3A_HeLa-S3_encode-Snyder_seq_hsa_r1:AlignACE#1#Intergenic
S 0.000000 0.486842 0.513158 0.000000
N 0.302632 0.223684 0.263158 0.210526
N 0.223684 0.263158 0.263158 0.250000
N 0.289474 0.210526 0.328947 0.171053
D 0.381579 0.000000 0.368421 0.250000
R 0.434211 0.000000 0.565789 0.000000
G 0.000000 0.000000 1.000000 0.000000
S 0.000000 0.565789 0.434211 0.000000
W 0.315789 0.144737 0.078947 0.460526
S 0.000000 0.394737 0.605263 0.000000
D 0.381579 0.000000 0.184211 0.434211
G 0.000000 0.000000 1.000000 0.000000
R 0.421053 0.000000 0.578947 0.000000
S 0.000000 0.394737 0.605263 0.000000
