MA0004.1 Arnt
X	0.2	0.8	0.0	0.0
X	0.95	0.0	0.05	0.0
X	0.0	1.0	0.0	0.0
X	0.0	0.0	1.0	0.0
X	0.0	0.0	0.0	1.0
X	0.0	0.0	1.0	0.0
MA0006.1 Arnt::Ahr
X	0.125	0.33333334	0.083333336	0.45833334
X	0.0	0.0	0.9583333	0.041666668
X	0.0	0.9583333	0.0	0.041666668
X	0.0	0.0	0.9583333	0.041666668
X	0.0	0.0	0.0	1.0
X	0.0	0.0	1.0	0.0
MA0008.1 HAT5
X	0.12	0.52	0.16	0.2
X	0.84	0.04	0.0	0.12
X	1.0	0.0	0.0	0.0
X	0.0	0.0	0.0	1.0
X	0.0	0.2	0.0	0.8
X	0.96	0.0	0.04	0.0
X	0.04	0.0	0.0	0.96
X	0.0	0.0	0.08	0.92
MA0009.1 T
X	0.05	0.7	0.2	0.05
X	0.025	0.025	0.0	0.95
X	1.0	0.0	0.0	0.0
X	0.0	0.0	1.0	0.0
X	0.0	0.0	1.0	0.0
X	0.0	0.0	0.0	1.0
X	0.0	0.0	1.0	0.0
X	0.0	0.05	0.0	0.95
X	0.025	0.175	0.7	0.1
X	1.0	0.0	0.0	0.0
X	0.775	0.125	0.0	0.1
MA0010.1 br_Z1
X	0.33333334	0.11111111	0.44444445	0.11111111
X	0.11111111	0.11111111	0.11111111	0.6666667
X	0.5555556	0.22222222	0.11111111	0.11111111
X	0.7777778	0.0	0.11111111	0.11111111
X	0.33333334	0.0	0.0	0.6666667
X	0.6666667	0.0	0.0	0.33333334
X	0.44444445	0.11111111	0.44444445	0.0
X	0.7777778	0.0	0.11111111	0.11111111
X	0.11111111	0.8888889	0.0	0.0
X	1.0	0.0	0.0	0.0
X	0.8888889	0.0	0.11111111	0.0
X	0.5555556	0.0	0.33333334	0.11111111
X	0.44444445	0.0	0.0	0.5555556
X	0.22222222	0.33333334	0.22222222	0.22222222
MA0011.1 br_Z2
X	0.25	0.083333336	0.083333336	0.5833333
X	0.41666666	0.16666667	0.083333336	0.33333334
X	0.0	0.8333333	0.0	0.16666667
X	0.0	0.083333336	0.0	0.9166667
X	1.0	0.0	0.0	0.0
X	0.083333336	0.083333336	0.16666667	0.6666667
X	0.16666667	0.0	0.083333336	0.75
X	0.083333336	0.16666667	0.083333336	0.6666667
MA0012.1 br_Z3
X	0.25	0.083333336	0.083333336	0.5833333
X	0.75	0.16666667	0.083333336	0.0
X	0.8333333	0.0	0.0	0.16666667
X	1.0	0.0	0.0	0.0
X	0.0	0.8333333	0.083333336	0.083333336
X	0.33333334	0.0	0.0	0.6666667
X	0.8333333	0.0	0.0	0.16666667
X	0.5	0.0	0.33333334	0.16666667
X	0.5	0.083333336	0.16666667	0.25
X	0.33333334	0.25	0.16666667	0.25
X	0.16666667	0.25	0.41666666	0.16666667
MA0013.1 br_Z4
X	0.16666667	0.16666667	0.0	0.6666667
X	0.6666667	0.0	0.0	0.33333334
X	0.33333334	0.0	0.6666667	0.0
X	0.16666667	0.0	0.0	0.8333333
X	0.8333333	0.0	0.16666667	0.0
X	1.0	0.0	0.0	0.0
X	0.8333333	0.0	0.16666667	0.0
X	0.16666667	0.5	0.16666667	0.16666667
X	0.5	0.0	0.16666667	0.33333334
X	0.8333333	0.0	0.0	0.16666667
X	0.5	0.16666667	0.0	0.33333334
MA0015.1 Cf2_II
X	0.3125	0.1625	0.5	0.025
X	0.0125	0.025	0.0125	0.95
X	0.925	0.025	0.05	0.0
X	0.0	0.1125	0.05	0.8375
X	0.975	0.025	0.0	0.0
X	0.0125	0.05	0.0125	0.925
X	0.5125	0.025	0.45	0.0125
X	0.025	0.1125	0.0125	0.85
X	0.6625	0.0375	0.25	0.05
X	0.15	0.3625	0.1875	0.3
MA0016.1 usp
X	0.0	0.02631579	0.9736842	0.0
X	0.02631579	0.0	0.94736844	0.02631579
X	0.0	0.0	1.0	0.0
X	0.0	0.0	1.0	0.0
X	0.0	0.0	0.0	1.0
X	0.0	0.94736844	0.02631579	0.02631579
X	0.92105263	0.0	0.078947365	0.0
X	0.13157895	0.65789473	0.078947365	0.13157895
X	0.13157895	0.21052632	0.57894737	0.078947365
X	0.15789473	0.2631579	0.42105263	0.15789473
MA0017.1 NR2F1
X	0.0	0.0	0.15384616	0.84615386
X	0.07692308	0.0	0.9230769	0.0
X	0.9230769	0.0	0.07692308	0.0
X	0.46153846	0.53846157	0.0	0.0
X	0.0	1.0	0.0	0.0
X	0.0	0.23076923	0.0	0.7692308
X	0.0	0.15384616	0.0	0.84615386
X	0.07692308	0.0	0.0	0.9230769
X	0.15384616	0.0	0.84615386	0.0
X	0.46153846	0.30769232	0.23076923	0.0
X	0.46153846	0.3846154	0.07692308	0.07692308
X	0.07692308	0.7692308	0.07692308	0.07692308
X	0.23076923	0.46153846	0.0	0.30769232
X	0.0	0.23076923	0.23076923	0.53846157
MA0019.1 Ddit3::Cebpa
X	0.35897437	0.17948718	0.30769232	0.15384616
X	0.2820513	0.17948718	0.35897437	0.17948718
X	0.46153846	0.07692308	0.3846154	0.07692308
X	0.0	0.025641026	0.0	0.974359
X	0.0	0.0	0.974359	0.025641026
X	0.102564104	0.84615386	0.0	0.051282052
X	0.974359	0.025641026	0.0	0.0
X	0.9230769	0.051282052	0.025641026	0.0
X	0.0	0.15384616	0.0	0.84615386
X	0.35897437	0.43589744	0.12820514	0.07692308
X	0.102564104	0.5897436	0.23076923	0.07692308
X	0.0	0.6666667	0.15384616	0.17948718
MA0020.1 Dof2
X	1.0	0.0	0.0	0.0
X	1.0	0.0	0.0	0.0
X	1.0	0.0	0.0	0.0
X	0.0	0.0	1.0	0.0
X	0.14285715	0.6666667	0.0952381	0.0952381
X	0.33333334	0.2857143	0.14285715	0.23809524
MA0021.1 Dof3
X	1.0	0.0	0.0	0.0
X	1.0	0.0	0.0	0.0
X	1.0	0.0	0.0	0.0
X	0.0	0.0	1.0	0.0
X	0.0	0.47619048	0.14285715	0.3809524
X	0.2857143	0.2857143	0.42857143	0.0
MA0022.1 dl_1
X	0.0	0.3846154	0.46153846	0.15384616
X	0.0	0.0	0.9230769	0.07692308
X	0.0	0.07692308	0.84615386	0.07692308
X	0.0	0.0	0.7692308	0.23076923
X	0.07692308	0.07692308	0.23076923	0.61538464
X	0.07692308	0.0	0.15384616	0.7692308
X	0.07692308	0.0	0.0	0.9230769
X	0.0	0.0	0.0	1.0
X	0.0	0.23076923	0.0	0.7692308
X	0.07692308	0.6923077	0.0	0.23076923
X	0.07692308	0.6923077	0.07692308	0.15384616
X	0.23076923	0.3846154	0.3846154	0.0
MA0023.1 dl_2
X	0.0	0.11111111	0.7777778	0.11111111
X	0.0	0.0	0.7777778	0.22222222
X	0.0	0.0	1.0	0.0
X	0.0	0.0	0.8888889	0.11111111
X	0.44444445	0.11111111	0.0	0.44444445
X	0.22222222	0.11111111	0.0	0.6666667
X	0.0	0.0	0.0	1.0
X	0.0	0.11111111	0.0	0.8888889
X	0.0	1.0	0.0	0.0
X	0.11111111	0.8888889	0.0	0.0
MA0025.1 NFIL3
X	0.04347826	0.0	0.0	0.95652175
X	0.0	0.0	0.08695652	0.9130435
X	0.95652175	0.0	0.0	0.04347826
X	0.0	0.3478261	0.0	0.65217394
X	0.08695652	0.0	0.9130435	0.0
X	0.0	0.0	0.0	1.0
X	1.0	0.0	0.0	0.0
X	0.95652175	0.0	0.04347826	0.0
X	0.0	0.47826087	0.17391305	0.3478261
X	0.3043478	0.2173913	0.3043478	0.17391305
X	0.2173913	0.2173913	0.13043478	0.4347826
MA0026.1 Eip74EF
X	0.11764706	0.7058824	0.11764706	0.05882353
X	0.29411766	0.7058824	0.0	0.0
X	0.0	0.0	1.0	0.0
X	0.0	0.0	1.0	0.0
X	1.0	0.0	0.0	0.0
X	1.0	0.0	0.0	0.0
X	0.29411766	0.05882353	0.5882353	0.05882353
MA0027.1 En1
X	0.4	0.1	0.2	0.3
X	0.5	0.2	0.2	0.1
X	0.3	0.0	0.7	0.0
X	0.0	0.0	0.2	0.8
X	0.4	0.0	0.3	0.3
X	0.3	0.0	0.7	0.0
X	0.3	0.0	0.0	0.7
X	0.2	0.1	0.4	0.3
X	0.1	0.3	0.3	0.3
X	0.1	0.4	0.1	0.4
X	0.1	0.6	0.1	0.2
MA0028.1 ELK1
X	0.25	0.25	0.35714287	0.14285715
X	0.35714287	0.21428572	0.21428572	0.21428572
X	0.32142857	0.14285715	0.35714287	0.17857143
X	0.17857143	0.6785714	0.035714287	0.10714286
X	0.071428575	0.85714287	0.035714287	0.035714287
X	0.0	0.0	0.85714287	0.14285715
X	0.035714287	0.0	0.96428573	0.0
X	0.96428573	0.0	0.035714287	0.0
X	0.75	0.17857143	0.0	0.071428575
X	0.4642857	0.0	0.5	0.035714287
MA0029.1 Mecom
X	0.5185185	0.074074075	0.22222222	0.18518518
X	0.7407407	0.037037037	0.074074075	0.14814815
X	0.0	0.037037037	0.9259259	0.037037037
X	1.0	0.0	0.0	0.0
X	0.037037037	0.37037036	0.0	0.5925926
X	1.0	0.0	0.0	0.0
X	0.962963	0.0	0.037037037	0.0
X	0.0	0.0	1.0	0.0
X	1.0	0.0	0.0	0.0
X	0.0	0.11111111	0.0	0.8888889
X	0.8888889	0.037037037	0.0	0.074074075
X	0.8518519	0.0	0.14814815	0.0
X	0.22222222	0.25925925	0.25925925	0.25925925
X	0.5555556	0.22222222	0.11111111	0.11111111
MA0030.1 FOXF2
X	0.037037037	0.37037036	0.25925925	0.33333334
X	0.37037036	0.25925925	0.18518518	0.18518518
X	0.6296296	0.14814815	0.074074075	0.14814815
X	0.4814815	0.18518518	0.18518518	0.18518518
X	0.11111111	0.4074074	0.2962963	0.0
X	0.25925925	0.0	0.7407407	0.0
X	0.0	0.0	0.0	1.0
X	1.0	0.0	0.0	0.0
X	1.0	0.0	0.0	0.0
X	1.0	0.0	0.0	0.0
X	0.0	0.9259259	0.0	0.074074075
X	1.0	0.0	0.0	0.0
X	0.5925926	0.14814815	0.074074075	0.18518518
X	0.25925925	0.14814815	0.22222222	0.37037036
MA0031.1 FOXD1
X	0.05	0.05	0.85	0.05
X	0.0	0.0	0.0	1.0
X	0.95	0.05	0.0	0.0
X	1.0	0.0	0.0	0.0
X	0.9	0.05	0.05	0.0
X	0.05	0.9	0.0	0.05
X	1.0	0.0	0.0	0.0
X	0.35	0.1	0.15	0.4
MA0032.1 FOXC1
X	0.25	0.25	0.3125	0.1875
X	0.125	0.3125	0.375	0.1875
X	0.25	0.25	0.1875	0.3125
X	0.375	0.25	0.3125	0.0625
X	0.4375	0.1875	0.125	0.25
X	0.0	0.0	1.0	0.0
X	0.0	0.0	0.0	1.0
X	1.0	0.0	0.0	0.0
MA0033.1 FOXL1
X	0.3043478	0.04347826	0.17391305	0.47826087
X	0.4347826	0.17391305	0.08695652	0.3043478
X	0.26086956	0.13043478	0.26086956	0.3478261
X	0.5652174	0.17391305	0.17391305	0.08695652
X	0.17391305	0.4347826	0.08695652	0.3043478
X	0.9130435	0.0	0.08695652	0.0
X	0.0	0.08695652	0.0	0.9130435
X	0.95652175	0.04347826	0.0	0.0
MA0034.1 Gamyb
X	0.16	0.24	0.44	0.16
X	0.4	0.2	0.28	0.12
X	0.12	0.52	0.0	0.36
X	0.92	0.04	0.04	0.0
X	1.0	0.0	0.0	0.0
X	0.04	0.96	0.0	0.0
X	0.12	0.56	0.24	0.08
X	0.24	0.0	0.76	0.0
X	0.4	0.44	0.0	0.16
X	0.2	0.76	0.04	0.0
MA0038.1 Gfi1
X	0.16981132	0.3773585	0.16981132	0.28301886
X	0.5283019	0.3018868	0.13207547	0.03773585
X	1.0	0.0	0.0	0.0
X	1.0	0.0	0.0	0.0
X	0.018867925	0.0	0.018867925	0.9622642
X	0.018867925	0.9811321	0.0	0.0
X	0.5849057	0.13207547	0.03773585	0.24528302
X	0.1509434	0.5283019	0.20754717	0.11320755
X	0.35849056	0.20754717	0.03773585	0.3962264
X	0.13207547	0.24528302	0.5283019	0.094339624
MA0040.1 Foxq1
X	0.22222222	0.22222222	0.16666667	0.3888889
X	0.7222222	0.055555556	0.16666667	0.055555556
X	0.2777778	0.11111111	0.0	0.6111111
X	0.16666667	0.0	0.0	0.8333333
X	0.0	0.0	1.0	0.0
X	0.0	0.0	0.0	1.0
X	0.0	0.0	0.0	1.0
X	0.0	0.0	0.0	1.0
X	0.9444444	0.0	0.055555556	0.0
X	0.0	0.055555556	0.22222222	0.7222222
X	0.33333334	0.0	0.16666667	0.5
MA0041.1 Foxd3
X	0.23404256	0.06382979	0.5531915	0.14893617
X	0.63829786	0.04255319	0.0	0.31914893
X	0.5106383	0.021276595	0.0	0.4680851
X	0.021276595	0.08510638	0.0	0.89361703
X	0.25531915	0.0	0.7234042	0.021276595
X	0.0	0.0	0.0	1.0
X	0.021276595	0.0	0.0	0.9787234
X	0.10638298	0.0	0.21276596	0.68085104
X	0.29787233	0.0	0.44680852	0.25531915
X	0.12765957	0.14893617	0.0	0.7234042
X	0.021276595	0.04255319	0.08510638	0.85106385
X	0.0	0.25531915	0.0	0.7446808
MA0042.1 FOXI1
X	0.19354838	0.032258064	0.4516129	0.32258064
X	0.12903225	0.2580645	0.38709676	0.22580644
X	0.3548387	0.12903225	0.2580645	0.2580645
X	0.0	0.0	0.0	1.0
X	0.41935483	0.0	0.58064514	0.0
X	0.0	0.0	0.0	1.0
X	0.0	0.0	0.0	1.0
X	0.0	0.0	0.0	1.0
X	0.48387095	0.0	0.516129	0.0
X	0.0	0.0	0.22580644	0.7741935
X	0.2580645	0.032258064	0.12903225	0.58064514
X	0.06451613	0.032258064	0.12903225	0.7741935
MA0043.1 HLF
X	0.055555556	0.22222222	0.44444445	0.2777778
X	0.33333334	0.0	0.6666667	0.0
X	0.055555556	0.0	0.0	0.9444444
X	0.0	0.0	0.16666667	0.8333333
X	0.7222222	0.055555556	0.11111111	0.11111111
X	0.0	0.8333333	0.055555556	0.11111111
X	0.33333334	0.0	0.6666667	0.0
X	0.0	0.5	0.0	0.5
X	0.7222222	0.22222222	0.055555556	0.0
X	0.8333333	0.0	0.055555556	0.11111111
X	0.11111111	0.16666667	0.055555556	0.6666667
X	0.2777778	0.2777778	0.16666667	0.2777778
MA0044.1 HMG-1
X	0.0	0.3846154	0.61538464	0.0
X	0.0	0.0	0.23076923	0.7692308
X	0.0	0.30769232	0.0	0.6923077
X	0.0	0.15384616	0.7692308	0.07692308
X	0.0	0.07692308	0.0	0.9230769
X	0.46153846	0.07692308	0.23076923	0.23076923
X	0.23076923	0.3846154	0.0	0.3846154
X	0.0	0.07692308	0.15384616	0.7692308
X	0.0	0.61538464	0.07692308	0.30769232
MA0045.1 HMG-I/Y
X	0.21428572	0.35714287	0.2857143	0.14285715
X	0.5	0.0	0.21428572	0.2857143
X	0.64285713	0.071428575	0.071428575	0.21428572
X	0.21428572	0.42857143	0.2857143	0.071428575
X	0.78571427	0.0	0.21428572	0.0
X	0.78571427	0.0	0.14285715	0.071428575
X	0.78571427	0.0	0.14285715	0.071428575
X	0.21428572	0.21428572	0.14285715	0.42857143
X	0.2857143	0.071428575	0.5714286	0.071428575
X	0.21428572	0.2857143	0.42857143	0.071428575
X	0.5714286	0.35714287	0.071428575	0.0
X	0.5714286	0.071428575	0.2857143	0.071428575
X	0.64285713	0.0	0.14285715	0.21428572
X	0.64285713	0.35714287	0.0	0.0
X	0.78571427	0.0	0.21428572	0.0
X	0.14285715	0.5	0.0	0.35714287
MA0046.1 HNF1A
X	0.23809524	0.0	0.6666667	0.0952381
X	0.04761905	0.0	0.95238096	0.0
X	0.04761905	0.0	0.0	0.95238096
X	0.04761905	0.0	0.0	0.95238096
X	0.95238096	0.0	0.0	0.04761905
X	0.7619048	0.0952381	0.04761905	0.0952381
X	0.04761905	0.0	0.0	0.95238096
X	0.3809524	0.0952381	0.1904762	0.33333334
X	0.6666667	0.0	0.04761905	0.2857143
X	0.0952381	0.0	0.0	0.9047619
X	0.0	0.1904762	0.0	0.8095238
X	0.61904764	0.04761905	0.14285715	0.1904762
X	0.3809524	0.3809524	0.14285715	0.0952381
X	0.23809524	0.61904764	0.0	0.14285715
MA0048.1 NHLH1
X	0.24074075	0.24074075	0.3148148	0.2037037
X	0.24074075	0.7222222	0.037037037	0.0
X	0.055555556	0.09259259	0.6851852	0.16666667
X	0.018518519	0.9814815	0.0	0.0
X	1.0	0.0	0.0	0.0
X	0.018518519	0.018518519	0.962963	0.0
X	0.018518519	0.9259259	0.055555556	0.0
X	0.018518519	0.018518519	0.0	0.962963
X	0.0	0.0	0.9814815	0.018518519
X	0.055555556	0.6851852	0.14814815	0.11111111
X	0.037037037	0.0	0.6851852	0.2777778
X	0.09259259	0.3148148	0.22222222	0.37037036
MA0049.1 hb
X	0.0625	0.3125	0.5	0.125
X	0.375	0.5	0.125	0.0
X	0.5625	0.1875	0.25	0.0
X	0.25	0.1875	0.0625	0.5
X	0.8125	0.0625	0.0	0.125
X	1.0	0.0	0.0	0.0
X	1.0	0.0	0.0	0.0
X	0.875	0.0	0.125	0.0
X	0.9375	0.0625	0.0	0.0
X	0.5625	0.125	0.125	0.1875
MA0051.1 IRF2
X	0.0	0.33333334	0.5833333	0.083333336
X	0.16666667	0.0	0.8333333	0.0
X	1.0	0.0	0.0	0.0
X	0.9166667	0.0	0.0	0.083333336
X	1.0	0.0	0.0	0.0
X	0.16666667	0.0	0.8333333	0.0
X	0.0	0.5	0.0	0.5
X	0.0	0.0	1.0	0.0
X	1.0	0.0	0.0	0.0
X	1.0	0.0	0.0	0.0
X	1.0	0.0	0.0	0.0
X	0.0	0.5	0.5	0.0
X	0.0	0.5833333	0.16666667	0.25
X	0.41666666	0.16666667	0.25	0.16666667
X	0.5	0.0	0.16666667	0.33333334
X	0.5	0.083333336	0.083333336	0.33333334
X	0.41666666	0.16666667	0.083333336	0.33333334
X	0.25	0.5	0.083333336	0.16666667
MA0053.1 MNB1A
X	1.0	0.0	0.0	0.0
X	1.0	0.0	0.0	0.0
X	1.0	0.0	0.0	0.0
X	0.0	0.0	1.0	0.0
X	0.2	0.6	0.0	0.2
MA0054.1 myb.Ph3
X	0.27142859	0.042857144	0.028571429	0.6571429
X	0.9142857	0.014285714	0.028571429	0.042857144
X	0.9	0.0	0.028571429	0.071428575
X	0.057142857	0.8857143	0.042857144	0.014285714
X	0.14285715	0.3857143	0.22857143	0.24285714
X	0.14285715	0.028571429	0.75714284	0.071428575
X	0.18571429	0.114285715	0.0	0.7
X	0.042857144	0.24285714	0.014285714	0.7
X	0.4	0.014285714	0.0	0.5857143
MA0056.1 MZF1_1-4
X	0.15	0.25	0.2	0.4
X	0.0	0.0	0.95	0.05
X	0.1	0.0	0.9	0.0
X	0.0	0.0	0.95	0.05
X	0.0	0.0	1.0	0.0
X	0.9	0.0	0.1	0.0
MA0057.1 MZF1_5-13
X	0.0625	0.25	0.4375	0.25
X	0.125	0.0	0.4375	0.4375
X	0.9375	0.0625	0.0	0.0
X	0.0	0.0	0.6875	0.3125
X	0.0	0.0	0.9375	0.0625
X	0.0	0.125	0.875	0.0
X	0.0	0.0	0.875	0.125
X	0.1875	0.0625	0.5	0.25
X	0.625	0.0	0.25	0.125
X	0.5	0.125	0.25	0.125
MA0059.1 MYC::MAX
X	0.33333334	0.04761905	0.42857143	0.1904762
X	0.71428573	0.04761905	0.1904762	0.04761905
X	0.0952381	0.42857143	0.42857143	0.04761905
X	0.04761905	0.95238096	0.0	0.0
X	1.0	0.0	0.0	0.0
X	0.0	0.95238096	0.0	0.04761905
X	0.04761905	0.0	0.95238096	0.0
X	0.0	0.04761905	0.0	0.95238096
X	0.0	0.0	1.0	0.0
X	0.04761905	0.04761905	0.85714287	0.04761905
X	0.14285715	0.23809524	0.0	0.61904764
MA0063.1 Nkx2-5
X	0.4117647	0.0	0.05882353	0.5294118
X	0.0	0.23529412	0.0	0.7647059
X	1.0	0.0	0.0	0.0
X	1.0	0.0	0.0	0.0
X	0.0	0.0	0.4117647	0.5882353
X	0.23529412	0.11764706	0.0	0.64705884
X	0.11764706	0.05882353	0.64705884	0.1764706
MA0064.1 PBF
X	1.0	0.0	0.0	0.0
X	1.0	0.0	0.0	0.0
X	1.0	0.0	0.0	0.0
X	0.0	0.0	1.0	0.0
X	0.0625	0.5625	0.0625	0.3125
MA0066.1 PPARG
X	0.10714286	0.2857143	0.5	0.10714286
X	0.10714286	0.0	0.0	0.89285713
X	0.6785714	0.0	0.32142857	0.0
X	0.0	0.035714287	0.96428573	0.0
X	0.035714287	0.0	0.9285714	0.035714287
X	0.0	0.035714287	0.14285715	0.8214286
X	0.071428575	0.8214286	0.10714286	0.0
X	0.9285714	0.035714287	0.0	0.035714287
X	0.17857143	0.53571427	0.14285715	0.14285715
X	0.17857143	0.25	0.35714287	0.21428572
X	0.14285715	0.071428575	0.64285713	0.14285715
X	0.035714287	0.0	0.071428575	0.89285713
X	0.071428575	0.17857143	0.71428573	0.035714287
X	0.78571427	0.17857143	0.0	0.035714287
X	0.035714287	0.96428573	0.0	0.0
X	0.0	0.89285713	0.0	0.10714286
X	0.10714286	0.42857143	0.0	0.4642857
X	0.78571427	0.17857143	0.0	0.035714287
X	0.17857143	0.42857143	0.21428572	0.17857143
X	0.25	0.0	0.035714287	0.71428573
MA0067.1 Pax2
X	0.32258064	0.22580644	0.16129032	0.29032257
X	0.22580644	0.032258064	0.67741936	0.06451613
X	0.09677419	0.06451613	0.0	0.83870965
X	0.0	0.9032258	0.032258064	0.06451613
X	0.83870965	0.032258064	0.09677419	0.032258064
X	0.06451613	0.5483871	0.032258064	0.3548387
X	0.06451613	0.0	0.61290324	0.32258064
X	0.032258064	0.3548387	0.3548387	0.2580645
MA0068.1 Pax4
X	0.33333334	0.0952381	0.52380955	0.04761905
X	0.95238096	0.0	0.04761905	0.0
X	0.7619048	0.0952381	0.04761905	0.0952381
X	0.52380955	0.04761905	0.04761905	0.3809524
X	0.61904764	0.04761905	0.14285715	0.1904762
X	0.52380955	0.14285715	0.04761905	0.2857143
X	0.2857143	0.04761905	0.0952381	0.5714286
X	0.42857143	0.04761905	0.04761905	0.47619048
X	0.23809524	0.14285715	0.2857143	0.33333334
X	0.23809524	0.52380955	0.04761905	0.1904762
X	0.2857143	0.52380955	0.1904762	0.0
X	0.33333334	0.33333334	0.23809524	0.0952381
X	0.3809524	0.33333334	0.0952381	0.1904762
X	0.2857143	0.23809524	0.04761905	0.42857143
X	0.47619048	0.23809524	0.1904762	0.0952381
X	0.1904762	0.3809524	0.1904762	0.23809524
X	0.14285715	0.2857143	0.1904762	0.3809524
X	0.33333334	0.3809524	0.14285715	0.14285715
X	0.1904762	0.42857143	0.14285715	0.23809524
X	0.42857143	0.2857143	0.0952381	0.1904762
X	0.23809524	0.33333334	0.23809524	0.1904762
X	0.23809524	0.2857143	0.0952381	0.3809524
X	0.33333334	0.52380955	0.0	0.14285715
X	0.2857143	0.42857143	0.04761905	0.23809524
X	0.14285715	0.5714286	0.0952381	0.1904762
X	0.33333334	0.42857143	0.0952381	0.14285715
X	0.14285715	0.5714286	0.0952381	0.1904762
X	0.04761905	0.52380955	0.14285715	0.2857143
X	0.2857143	0.52380955	0.04761905	0.14285715
X	0.14285715	0.61904764	0.0952381	0.14285715
MA0069.1 Pax6
X	0.046511628	0.093023255	0.093023255	0.76744187
X	0.046511628	0.046511628	0.0	0.90697676
X	0.093023255	0.60465115	0.023255814	0.27906978
X	0.90697676	0.046511628	0.023255814	0.023255814
X	0.069767445	0.7906977	0.023255814	0.11627907
X	0.023255814	0.0	0.95348835	0.023255814
X	0.023255814	0.8604651	0.093023255	0.023255814
X	0.4883721	0.046511628	0.046511628	0.41860464
X	0.023255814	0.093023255	0.023255814	0.8604651
X	0.046511628	0.3255814	0.5813953	0.046511628
X	0.8372093	0.0	0.13953489	0.023255814
X	0.25581396	0.25581396	0.30232558	0.18604651
X	0.023255814	0.11627907	0.069767445	0.7906977
X	0.023255814	0.0	0.39534885	0.5813953
MA0070.1 PBX1
X	0.2777778	0.33333334	0.11111111	0.2777778
X	0.16666667	0.5	0.16666667	0.16666667
X	0.8888889	0.055555556	0.055555556	0.0
X	0.055555556	0.055555556	0.0	0.8888889
X	0.0	1.0	0.0	0.0
X	0.9444444	0.055555556	0.0	0.0
X	0.9444444	0.0	0.0	0.055555556
X	0.0	0.0	0.055555556	0.9444444
X	0.0	1.0	0.0	0.0
X	0.8888889	0.055555556	0.0	0.055555556
X	0.6666667	0.0	0.055555556	0.2777778
X	0.44444445	0.11111111	0.11111111	0.33333334
MA0071.1 RORA_1
X	0.6	0.04	0.08	0.28
X	0.36	0.04	0.0	0.6
X	0.24	0.48	0.16	0.12
X	0.44	0.08	0.2	0.28
X	0.84	0.0	0.16	0.0
X	0.0	0.0	1.0	0.0
X	0.0	0.0	1.0	0.0
X	0.0	0.0	0.0	1.0
X	0.0	1.0	0.0	0.0
X	1.0	0.0	0.0	0.0
MA0072.1 RORA_2
X	0.25	0.22222222	0.22222222	0.30555555
X	0.4722222	0.055555556	0.19444445	0.2777778
X	0.41666666	0.0	0.083333336	0.5
X	0.9722222	0.027777778	0.0	0.0
X	0.6388889	0.0	0.0	0.3611111
X	0.055555556	0.33333334	0.3611111	0.25
X	0.0	0.0	0.0	1.0
X	0.7777778	0.0	0.22222222	0.0
X	0.0	0.0	1.0	0.0
X	0.0	0.0	1.0	0.0
X	0.0	0.0	0.0	1.0
X	0.0	1.0	0.0	0.0
X	1.0	0.0	0.0	0.0
X	0.41666666	0.16666667	0.2777778	0.1388889
MA0073.1 RREB1
X	0.27272728	0.72727275	0.0	0.0
X	0.09090909	0.90909094	0.0	0.0
X	0.27272728	0.72727275	0.0	0.0
X	0.0	1.0	0.0	0.0
X	0.6363636	0.36363637	0.0	0.0
X	0.8181818	0.18181819	0.0	0.0
X	0.72727275	0.27272728	0.0	0.0
X	0.36363637	0.54545456	0.0	0.09090909
X	0.0	1.0	0.0	0.0
X	1.0	0.0	0.0	0.0
X	0.36363637	0.6363636	0.0	0.0
X	0.09090909	0.90909094	0.0	0.0
X	0.27272728	0.72727275	0.0	0.0
X	0.36363637	0.54545456	0.09090909	0.0
X	0.18181819	0.8181818	0.0	0.0
X	0.36363637	0.45454547	0.0	0.18181819
X	0.36363637	0.45454547	0.09090909	0.09090909
X	0.36363637	0.54545456	0.0	0.09090909
X	0.09090909	0.6363636	0.27272728	0.0
X	0.36363637	0.36363637	0.18181819	0.09090909
MA0074.1 RXRA::VDR
X	0.3	0.0	0.7	0.0
X	0.0	0.0	1.0	0.0
X	0.0	0.0	0.9	0.1
X	0.0	0.0	0.0	1.0
X	0.0	0.9	0.0	0.1
X	0.9	0.0	0.1	0.0
X	0.4	0.2	0.0	0.4
X	0.2	0.4	0.2	0.2
X	0.2	0.0	0.8	0.0
X	0.5	0.0	0.5	0.0
X	0.0	0.0	1.0	0.0
X	0.0	0.0	0.0	1.0
X	0.1	0.0	0.0	0.9
X	0.0	0.9	0.0	0.1
X	0.7	0.1	0.2	0.0
MA0075.1 Prrx2
X	0.88135594	0.033898305	0.06779661	0.016949153
X	1.0	0.0	0.0	0.0
X	0.0	0.0	0.016949153	0.9830508
X	0.0	0.0	0.0	1.0
X	0.9830508	0.0	0.016949153	0.0
MA0077.1 SOX9
X	0.039473683	0.7236842	0.118421055	0.118421055
X	0.10526316	0.5	0.078947365	0.31578946
X	0.93421054	0.013157895	0.0	0.05263158
X	0.02631579	0.013157895	0.02631579	0.93421054
X	0.09210526	0.0	0.05263158	0.8552632
X	0.02631579	0.02631579	0.94736844	0.0
X	0.17105263	0.0	0.05263158	0.7763158
X	0.118421055	0.09210526	0.078947365	0.7105263
X	0.18421052	0.40789473	0.09210526	0.31578946
MA0078.1 Sox17
X	0.22580644	0.29032257	0.19354838	0.29032257
X	0.2580645	0.2580645	0.12903225	0.3548387
X	0.09677419	0.58064514	0.032258064	0.29032257
X	0.9677419	0.0	0.0	0.032258064
X	0.0	0.032258064	0.0	0.9677419
X	0.0	0.0	0.0	1.0
X	0.0	0.0	1.0	0.0
X	0.0	0.0	0.06451613	0.9354839
X	0.0	0.5483871	0.32258064	0.12903225
MA0081.1 SPIB
X	0.63265306	0.0	0.0	0.36734694
X	0.08163265	0.2857143	0.59183675	0.040816326
X	0.48979592	0.3265306	0.14285715	0.040816326
X	0.040816326	0.0	0.9591837	0.0
X	0.020408163	0.0	0.9591837	0.020408163
X	0.97959185	0.0	0.0	0.020408163
X	0.9591837	0.0	0.0	0.040816326
MA0082.1 squamosa
X	0.36666667	0.46666667	0.033333335	0.13333334
X	0.0	0.73333335	0.0	0.26666668
X	0.8	0.0	0.13333334	0.06666667
X	0.53333336	0.06666667	0.033333335	0.36666667
X	0.76666665	0.0	0.0	0.23333333
X	0.56666666	0.0	0.0	0.43333334
X	0.8	0.033333335	0.0	0.16666667
X	0.26666668	0.0	0.033333335	0.7
X	0.46666667	0.033333335	0.5	0.0
X	0.033333335	0.033333335	0.93333334	0.0
X	0.46666667	0.16666667	0.033333335	0.33333334
X	0.8333333	0.16666667	0.0	0.0
X	0.7	0.06666667	0.1	0.13333334
X	0.23333333	0.16666667	0.26666668	0.33333334
MA0084.1 SRY
X	0.17857143	0.17857143	0.35714287	0.2857143
X	0.2857143	0.10714286	0.14285715	0.4642857
X	0.53571427	0.0	0.10714286	0.35714287
X	0.64285713	0.10714286	0.10714286	0.14285715
X	0.89285713	0.0	0.0	0.10714286
X	0.0	0.9285714	0.0	0.071428575
X	1.0	0.0	0.0	0.0
X	0.96428573	0.0	0.035714287	0.0
X	0.25	0.0	0.071428575	0.6785714
MA0085.1 Su(H)
X	0.1	0.3	0.3	0.3
X	0.0	0.4	0.0	0.6
X	0.0	0.0	1.0	0.0
X	0.0	0.0	0.0	1.0
X	0.0	0.0	1.0	0.0
X	0.3	0.0	0.7	0.0
X	0.0	0.0	1.0	0.0
X	1.0	0.0	0.0	0.0
X	1.0	0.0	0.0	0.0
X	0.5	0.5	0.0	0.0
X	0.1	0.7	0.1	0.1
X	0.1	0.2	0.4	0.3
X	0.4	0.2	0.2	0.2
X	0.3	0.1	0.4	0.2
X	0.4	0.3	0.2	0.1
X	0.2	0.1	0.2	0.5
MA0086.1 sna
X	0.0	0.975	0.025	0.0
X	0.975	0.0	0.0	0.025
X	0.075	0.0	0.925	0.0
X	0.05	0.0	0.95	0.0
X	0.0	0.0	0.0	1.0
X	0.0	0.0	0.95	0.05
MA0087.1 Sox5
X	1.0	0.0	0.0	0.0
X	0.0	0.0	0.04347826	0.95652175
X	0.0	0.0	0.0	1.0
X	0.04347826	0.0	0.95652175	0.0
X	0.0	0.04347826	0.0	0.95652175
X	0.04347826	0.04347826	0.0	0.9130435
X	0.3478261	0.13043478	0.17391305	0.3478261
MA0088.1 znf143
X	0.0	0.3	0.4	0.3
X	0.6	0.2	0.1	0.1
X	0.2	0.3	0.1	0.4
X	0.0	0.3	0.2	0.5
X	0.2	0.1	0.0	0.7
X	0.1	0.7	0.0	0.2
X	0.0	1.0	0.0	0.0
X	0.0	1.0	0.0	0.0
X	0.9	0.1	0.0	0.0
X	0.0	0.1	0.4	0.5
X	0.4	0.4	0.2	0.0
X	0.6	0.2	0.2	0.0
X	0.0	0.0	0.1	0.9
X	0.0	0.1	0.6	0.3
X	0.0	1.0	0.0	0.0
X	0.4	0.5	0.0	0.1
X	0.3	0.1	0.1	0.5
X	0.2	0.3	0.0	0.5
X	0.1	0.1	0.7	0.1
X	0.3	0.6	0.1	0.0
MA0089.1 NFE2L1::MafG
X	0.20588236	0.32352942	0.29411766	0.1764706
X	0.85294116	0.05882353	0.0882353	0.0
X	0.0	0.0	0.0	1.0
X	0.029411765	0.0	0.9411765	0.029411765
X	1.0	0.0	0.0	0.0
X	0.0	0.7647059	0.05882353	0.1764706
MA0090.1 TEAD1
X	0.083333336	0.5	0.083333336	0.33333334
X	0.75	0.0	0.25	0.0
X	0.0	1.0	0.0	0.0
X	1.0	0.0	0.0	0.0
X	0.0	0.0	0.0	1.0
X	0.0	0.0	0.0	1.0
X	0.0	1.0	0.0	0.0
X	0.0	0.9166667	0.0	0.083333336
X	0.41666666	0.0	0.0	0.5833333
X	0.083333336	0.5833333	0.33333334	0.0
X	0.16666667	0.33333334	0.25	0.25
X	0.0	0.16666667	0.6666667	0.16666667
MA0091.1 TAL1::TCF3
X	0.29545453	0.3181818	0.18181819	0.20454545
X	0.20454545	0.22727273	0.45454547	0.11363637
X	0.8863636	0.0	0.06818182	0.045454547
X	0.45454547	0.54545456	0.0	0.0
X	0.0	0.97727275	0.022727273	0.0
X	1.0	0.0	0.0	0.0
X	0.0	0.022727273	0.25	0.72727275
X	0.27272728	0.72727275	0.0	0.0
X	0.0	0.0	0.0	1.0
X	0.0	0.0	0.97727275	0.022727273
X	0.0	0.06818182	0.45454547	0.47727272
X	0.09090909	0.09090909	0.045454547	0.77272725
MA0092.1 Hand1::Tcfe2a
X	0.13793103	0.27586207	0.3448276	0.2413793
X	0.3448276	0.0	0.51724136	0.13793103
X	0.06896552	0.06896552	0.03448276	0.82758623
X	0.0	0.9655172	0.0	0.03448276
X	0.0	0.0	0.0	1.0
X	0.0	0.0	1.0	0.0
X	0.0	0.10344828	0.86206895	0.03448276
X	0.31034482	0.4827586	0.03448276	0.1724138
X	0.55172414	0.0	0.10344828	0.3448276
X	0.1724138	0.13793103	0.13793103	0.55172414
MA0096.1 bZIP910
X	0.42857143	0.42857143	0.14285715	0.0
X	0.0	0.0	0.0	1.0
X	0.0	0.0	1.0	0.0
X	1.0	0.0	0.0	0.0
X	0.0	1.0	0.0	0.0
X	0.0	0.0	1.0	0.0
X	0.0	0.0	0.0	1.0
MA0097.1 bZIP911
X	0.030303031	0.0	0.93939394	0.030303031
X	0.5151515	0.0	0.4848485	0.0
X	0.0	0.0	0.0	1.0
X	0.0	0.0	1.0	0.0
X	1.0	0.0	0.0	0.0
X	0.0	1.0	0.0	0.0
X	0.0	0.0	1.0	0.0
X	0.0	0.0	0.0	1.0
X	0.0	0.030303031	0.969697	0.0
X	0.030303031	0.0	0.6666667	0.3030303
X	0.33333334	0.6060606	0.030303031	0.030303031
X	0.030303031	0.969697	0.0	0.0
MA0101.1 REL
X	0.0	0.29411766	0.47058824	0.23529412
X	0.0	0.05882353	0.88235295	0.05882353
X	0.05882353	0.0	0.88235295	0.05882353
X	0.29411766	0.05882353	0.5294118	0.11764706
X	0.3529412	0.29411766	0.1764706	0.1764706
X	0.29411766	0.05882353	0.05882353	0.5882353
X	0.05882353	0.0	0.0	0.9411765
X	0.11764706	0.0	0.0	0.88235295
X	0.0	0.88235295	0.0	0.11764706
X	0.05882353	0.9411765	0.0	0.0
MA0107.1 RELA
X	0.0	0.22222222	0.6111111	0.16666667
X	0.0	0.0	0.9444444	0.055555556
X	0.0	0.0	1.0	0.0
X	0.6111111	0.0	0.3888889	0.0
X	0.5555556	0.16666667	0.22222222	0.055555556
X	0.11111111	0.0	0.0	0.8888889
X	0.0	0.0	0.0	1.0
X	0.0	0.11111111	0.0	0.8888889
X	0.0	1.0	0.0	0.0
X	0.0	1.0	0.0	0.0
MA0108.2 TBP
X	0.15681234	0.37275064	0.3907455	0.079691514
X	0.041131105	0.11825193	0.046272494	0.7943445
X	0.90488434	0.0	0.005141388	0.08997429
X	0.0077120825	0.025706941	0.005141388	0.9614396
X	0.9100257	0.0	0.012853471	0.077120826
X	0.688946	0.0	0.0	0.311054
X	0.92544985	0.0077120825	0.051413883	0.015424165
X	0.5706941	0.005141388	0.11311054	0.311054
X	0.3984576	0.11311054	0.40359896	0.08483291
X	0.14395887	0.3470437	0.3856041	0.12339332
X	0.21336761	0.37789202	0.32904884	0.079691514
X	0.21079692	0.32647815	0.32904884	0.1336761
X	0.21079692	0.3033419	0.32904884	0.15681234
X	0.17480719	0.27506426	0.35732648	0.19280206
X	0.19794345	0.2596401	0.35989717	0.18251929
MA0109.1 Hltf
X	0.3137255	0.19607843	0.23529412	0.25490198
X	0.39215687	0.23529412	0.09803922	0.3137255
X	0.50980395	0.64705884	0.0	0.0
X	0.0	1.1568627	0.0	0.0
X	0.49019608	0.0	0.0	0.6666667
X	0.0	0.0	0.0	1.1568627
X	0.47058824	0.09803922	0.23529412	0.3529412
X	0.0	0.0	0.43137255	0.7254902
X	0.29411766	0.27450982	0.27450982	0.15686275
X	0.23529412	0.23529412	0.19607843	0.29411766
MA0111.1 Spz1
X	0.75	0.0	0.25	0.0
X	0.0	0.16666667	0.75	0.083333336
X	0.16666667	0.0	0.8333333	0.0
X	0.0	0.0	0.9166667	0.083333336
X	0.083333336	0.0	0.083333336	0.8333333
X	0.6666667	0.0	0.0	0.33333334
X	0.5	0.0	0.16666667	0.33333334
X	0.083333336	0.75	0.16666667	0.0
X	0.8333333	0.0	0.16666667	0.0
X	0.0	0.083333336	0.75	0.16666667
X	0.16666667	0.6666667	0.16666667	0.0
MA0115.1 NR1H2::RXRA
X	0.68	0.2	0.0	0.12
X	0.68	0.04	0.2	0.08
X	0.8	0.0	0.2	0.0
X	0.0	0.0	1.0	0.0
X	0.0	0.0	0.96	0.04
X	0.0	0.0	0.0	1.0
X	0.0	1.0	0.0	0.0
X	1.0	0.0	0.0	0.0
X	0.96	0.0	0.0	0.04
X	1.0	0.0	0.0	0.0
X	0.0	0.0	1.0	0.0
X	0.0	0.0	1.0	0.0
X	0.0	0.0	0.0	1.0
X	0.0	1.0	0.0	0.0
X	1.0	0.0	0.0	0.0
X	0.8	0.04	0.08	0.08
X	0.0	0.6	0.24	0.16
MA0116.1 Zfp423
X	0.21212122	0.121212125	0.6666667	0.0
X	0.0	0.4848485	0.5151515	0.0
X	0.4848485	0.5151515	0.0	0.0
X	0.5151515	0.4848485	0.0	0.0
X	0.0	1.0	0.0	0.0
X	0.0	1.0	0.0	0.0
X	0.030303031	0.5151515	0.0	0.45454547
X	0.72727275	0.0	0.0	0.27272728
X	0.3939394	0.0	0.4848485	0.121212125
X	0.0	0.0	1.0	0.0
X	0.0	0.0	1.0	0.0
X	0.0	0.0	0.5151515	0.4848485
X	0.0	0.0	0.4848485	0.5151515
X	0.0	0.24242425	0.4848485	0.27272728
X	0.33333334	0.6666667	0.0	0.0
MA0117.1 Mafb
X	0.0	0.0	1.0	0.0
X	0.06666667	0.8	0.06666667	0.06666667
X	0.0	0.2	0.06666667	0.73333335
X	0.06666667	0.0	0.8	0.13333334
X	0.8	0.13333334	0.0	0.06666667
X	0.2	0.53333336	0.06666667	0.2
X	0.2	0.06666667	0.46666667	0.26666668
X	0.13333334	0.33333334	0.33333334	0.2
MA0118.1 Macho-1
X	0.11904762	0.35714287	0.14285715	0.3809524
X	0.21428572	0.04761905	0.54761904	0.1904762
X	0.0	0.0	1.0	0.0
X	0.0	0.0	1.0	0.0
X	0.071428575	0.0952381	0.54761904	0.2857143
X	0.0	0.0	1.0	0.0
X	0.11904762	0.16666667	0.35714287	0.35714287
X	0.11904762	0.33333334	0.0952381	0.45238096
X	0.30952382	0.33333334	0.23809524	0.11904762
MA0119.1 TLX1::NFIC
X	0.0	0.0	0.0	1.0
X	0.0	0.0	1.0	0.0
X	0.0	0.0	1.0	0.0
X	0.0	1.0	0.0	0.0
X	0.875	0.0625	0.0	0.0625
X	0.125	0.5	0.3125	0.0625
X	0.125	0.5	0.25	0.125
X	0.4375	0.0625	0.3125	0.1875
X	0.25	0.1875	0.125	0.4375
X	0.0	0.0	1.0	0.0
X	0.0	1.0	0.0	0.0
X	0.0	1.0	0.0	0.0
X	1.0	0.0	0.0	0.0
X	0.875	0.0	0.0625	0.0625
MA0120.1 id1
X	0.041666668	0.041666668	0.083333336	0.8333333
X	0.125	0.125	0.16666667	0.5833333
X	0.041666668	0.083333336	0.375	0.5
X	0.0	0.375	0.125	0.5
X	0.0	0.5416667	0.16666667	0.29166666
X	0.083333336	0.45833334	0.16666667	0.29166666
X	0.125	0.33333334	0.083333336	0.45833334
X	0.041666668	0.041666668	0.041666668	0.875
X	0.33333334	0.20833333	0.041666668	0.41666666
X	0.0	0.25	0.29166666	0.45833334
X	0.0	0.7083333	0.0	0.29166666
X	0.083333336	0.0	0.75	0.16666667
MA0121.1 ARR10
X	0.93333334	0.06666667	0.0	0.0
X	0.0	0.0	1.0	0.0
X	0.93333334	0.0	0.06666667	0.0
X	0.0	0.0	0.0	1.0
X	0.26666668	0.4	0.0	0.33333334
X	0.06666667	0.53333336	0.0	0.4
X	0.0	0.0	0.6	0.4
X	0.2	0.4	0.26666668	0.13333334
MA0122.1 Nkx3-2
X	0.16666667	0.29166666	0.16666667	0.375
X	0.041666668	0.16666667	0.20833333	0.5833333
X	0.5416667	0.041666668	0.29166666	0.125
X	1.0	0.0	0.0	0.0
X	0.0	0.0	1.0	0.0
X	0.0	0.0	0.0	1.0
X	0.25	0.0	0.75	0.0
X	0.16666667	0.25	0.5	0.083333336
X	0.375	0.29166666	0.20833333	0.125
MA0123.1 abi4
X	0.0	1.0	0.0	0.0
X	0.24489796	0.0	0.75510204	0.0
X	0.0	0.40816328	0.59183675	0.0
X	0.0	0.46938777	0.020408163	0.5102041
X	0.020408163	0.06122449	0.9183673	0.0
X	0.0	0.9183673	0.08163265	0.0
X	0.10204082	0.5714286	0.12244898	0.20408164
X	0.06122449	0.5102041	0.2244898	0.20408164
X	0.06122449	0.63265306	0.10204082	0.20408164
X	0.08163265	0.53061223	0.14285715	0.24489796
MA0124.1 NKX3-1
X	0.65	0.05	0.15	0.15
X	0.0	0.05	0.0	0.95
X	1.0	0.0	0.0	0.0
X	0.0	0.95	0.0	0.05
X	0.05	0.0	0.0	0.95
X	0.05	0.0	0.0	0.95
X	0.95	0.0	0.05	0.0
MA0125.1 Nobox
X	0.0	0.02631579	0.0	0.9736842
X	0.94736844	0.0	0.0	0.05263158
X	1.0	0.0	0.0	0.0
X	0.02631579	0.02631579	0.05263158	0.8947368
X	0.05263158	0.0	0.10526316	0.84210527
X	0.39473686	0.0	0.57894737	0.02631579
X	0.10526316	0.31578946	0.47368422	0.10526316
X	0.05263158	0.34210527	0.15789473	0.4473684
MA0126.1 ovo
X	0.47619048	0.1904762	0.0	0.33333334
X	0.04761905	0.1904762	0.6666667	0.0952381
X	0.1904762	0.0952381	0.0952381	0.61904764
X	0.95238096	0.0	0.0	0.04761905
X	1.0	0.0	0.0	0.0
X	0.0	1.0	0.0	0.0
X	0.33333334	0.23809524	0.14285715	0.2857143
X	0.0	0.0	1.0	0.0
X	0.23809524	0.1904762	0.0952381	0.47619048
MA0127.1 PEND
X	0.71428573	0.04761905	0.1904762	0.04761905
X	0.14285715	0.45238096	0.16666667	0.23809524
X	0.023809524	0.0	0.04761905	0.9285714
X	0.0952381	0.0	0.0952381	0.8095238
X	0.071428575	0.78571427	0.04761905	0.0952381
X	0.0	0.04761905	0.04761905	0.9047619
X	0.04761905	0.0	0.023809524	0.9285714
X	0.7619048	0.16666667	0.04761905	0.023809524
X	0.0952381	0.071428575	0.0	0.8333333
X	0.04761905	0.11904762	0.33333334	0.5
MA0128.1 EmBP-1
X	0.6923077	0.0	0.0	0.30769232
X	0.07692308	0.53846157	0.30769232	0.07692308
X	1.0	0.0	0.0	0.0
X	0.0	0.9230769	0.0	0.07692308
X	0.0	0.0	1.0	0.0
X	0.0	0.0	0.0	1.0
X	0.0	0.07692308	0.9230769	0.0
X	0.0	0.07692308	0.9230769	0.0
MA0129.1 TGA1A
X	0.26666668	0.26666668	0.0	0.46666667
X	0.8666667	0.0	0.06666667	0.06666667
X	0.0	0.93333334	0.0	0.06666667
X	0.13333334	0.0	0.8666667	0.0
X	0.06666667	0.0	0.0	0.93333334
X	0.0	1.0	0.0	0.0
X	0.8666667	0.0	0.06666667	0.06666667
MA0130.1 ZNF354C
X	0.4375	0.375	0.1875	0.0
X	0.1875	0.125	0.0	0.6875
X	0.0	1.0	0.0	0.0
X	0.0	1.0	0.0	0.0
X	1.0	0.0	0.0	0.0
X	0.0	0.9375	0.0625	0.0
MA0131.1 HINFP
X	0.1	0.3	0.25	0.35
X	0.65	0.05	0.0	0.3
X	1.0	0.0	0.0	0.0
X	0.1	0.85	0.05	0.0
X	0.0	0.0	0.95	0.05
X	0.0	0.05	0.0	0.95
X	0.0	0.95	0.0	0.05
X	0.0	0.9	0.1	0.0
X	0.0	0.0	0.95	0.05
X	0.1	0.65	0.05	0.2
MA0132.1 Pdx1
X	0.032258064	0.61290324	0.16129032	0.19354838
X	0.0	0.0	0.0	1.0
X	1.0	0.0	0.0	0.0
X	1.0	0.0	0.0	0.0
X	0.0	0.0	0.032258064	0.9677419
X	0.032258064	0.032258064	0.32258064	0.61290324
MA0133.1 BRCA1
X	0.3488372	0.25581396	0.23255815	0.1627907
X	0.093023255	0.81395346	0.046511628	0.046511628
X	0.95348835	0.023255814	0.023255814	0.0
X	0.8372093	0.046511628	0.093023255	0.023255814
X	0.1627907	0.6744186	0.13953489	0.023255814
X	0.44186047	0.3255814	0.1627907	0.069767445
X	0.069767445	0.5116279	0.3488372	0.069767445
MA0135.1 Lhx3
X	0.45	0.0	0.15	0.4
X	0.8	0.1	0.1	0.0
X	0.95	0.0	0.0	0.05
X	0.0	0.0	0.0	1.0
X	0.0	0.0	0.0	1.0
X	0.95	0.0	0.0	0.05
X	1.0	0.0	0.0	0.0
X	0.1	0.1	0.0	0.8
X	0.0	0.05	0.0	0.95
X	0.8	0.05	0.0	0.15
X	0.45	0.0	0.15	0.4
X	0.1	0.4	0.0	0.5
X	0.1	0.45	0.15	0.3
MA0136.1 ELF5
X	0.27272728	0.20454545	0.06818182	0.45454547
X	0.65909094	0.06818182	0.1590909	0.11363637
X	0.045454547	0.45454547	0.11363637	0.38636363
X	0.3181818	0.0	0.022727273	0.65909094
X	0.0	0.022727273	0.0	0.97727275
X	0.0	1.0	0.0	0.0
X	0.0	1.0	0.0	0.0
X	0.09090909	0.06818182	0.25	0.59090906
X	0.09090909	0.18181819	0.25	0.47727272
MA0139.1 CTCF
X	0.09529025	0.31872946	0.08324206	0.50273824
X	0.18291347	0.15881708	0.45345017	0.20481928
X	0.30777657	0.05366922	0.49178532	0.1467689
X	0.061336253	0.8762322	0.023001095	0.03943045
X	0.008762322	0.9890471	0.0	0.0021905806
X	0.8148959	0.014238773	0.07119387	0.099671416
X	0.04381161	0.57831323	0.36582693	0.012048192
X	0.11719605	0.4742607	0.05257393	0.35487404
X	0.932092	0.012048192	0.03504929	0.019715225
X	0.0054764515	0.0	0.9890471	0.0032858707
X	0.36473164	0.0032858707	0.61993426	0.009857613
X	0.059145674	0.013143483	0.5520263	0.37349397
X	0.013143483	0.0	0.97480834	0.008762322
X	0.061336253	0.008762322	0.84884995	0.07776561
X	0.11391018	0.80284774	0.0054764515	0.07338445
X	0.40744796	0.014238773	0.55531216	0.018619934
X	0.0898138	0.5279299	0.33625412	0.04052574
X	0.12814896	0.35268345	0.07995619	0.43373495
X	0.4403067	0.19824754	0.2913472	0.06462213
MA0142.1 Pou5f1::Sox2
X	0.046187684	0.6202346	0.048387095	0.2851906
X	0.42448682	0.042521995	0.02052786	0.5139296
X	0.008064516	0.03665689	0.026392963	0.93108505
X	0.03445748	0.008797654	0.05791789	0.90249264
X	0.08651026	0.26612905	0.6048387	0.046187684
X	0.3042522	0.013196481	0.021260997	0.66495603
X	0.1510264	0.26759532	0.13636364	0.44868034
X	0.9054252	0.021994134	0.017595308	0.058651026
X	0.012463343	0.0036656891	0.010997067	0.9765396
X	0.0073313783	0.011730205	0.9083578	0.076246336
X	0.01026393	0.7543988	0.09457478	0.14369501
X	0.7697947	0.011730205	0.021994134	0.19721408
X	0.65029323	0.049853373	0.23093842	0.06744868
X	0.8797654	0.024193548	0.054985337	0.038856305
X	0.14516129	0.0872434	0.15175954	0.6136364
MA0149.1 EWSR1-FLI1
X	0.0	0.0	1.0	0.0
X	0.01904762	0.0	0.9809524	0.0
X	0.9904762	0.0	0.00952381	0.0
X	0.9904762	0.0	0.00952381	0.0
X	0.00952381	0.0	0.9904762	0.0
X	0.01904762	0.0	0.9714286	0.00952381
X	0.9809524	0.0	0.01904762	0.0
X	0.9714286	0.0	0.028571429	0.0
X	0.0	0.0	0.9904762	0.00952381
X	0.0	0.01904762	0.9809524	0.0
X	0.94285715	0.03809524	0.01904762	0.0
X	1.0	0.0	0.0	0.0
X	0.0	0.0	1.0	0.0
X	0.0	0.01904762	0.9809524	0.0
X	0.95238096	0.028571429	0.0	0.01904762
X	0.9714286	0.0	0.01904762	0.00952381
X	0.04761905	0.0	0.9238095	0.028571429
X	0.028571429	0.028571429	0.9238095	0.01904762
MA0062.2 GABPA
X	0.032355916	0.77654195	0.190091	0.0010111224
X	0.07077856	0.92416584	0.0040444895	0.0010111224
X	0.0	0.0	1.0010111	0.0010111224
X	0.0	0.0	1.0020223	0.0
X	1.0020223	0.0010111224	0.0010111224	0.0
X	1.0	0.0020222447	0.0	0.0020222447
X	0.0950455	0.032355916	0.8756319	0.0
X	0.05662285	0.26390293	0.037411526	0.64408493
X	0.15571284	0.13852376	0.60970676	0.09706774
X	0.2669363	0.26491407	0.41961578	0.049544994
X	0.2355915	0.36097068	0.2264914	0.17795753
MA0039.2 Klf4
X	0.33856088	0.01868081	0.23570111	0.4070572
X	0.020295203	0.0020756458	0.9771679	0.0013837639
X	0.0032287822	0.002998155	0.99261993	0.002998155
X	0.0032287822	0.008302583	0.9873155	0.003690037
X	0.06388377	0.44326568	0.0025369003	0.49331182
X	0.0050738007	0.0034594096	0.9854705	0.007841328
X	0.009686347	0.018450184	0.5025369	0.47094095
X	0.06088561	0.010608856	0.89990777	0.028828414
X	0.028367158	0.02998155	0.8738469	0.06665129
X	0.058579337	0.65913284	0.06457564	0.21494465
MA0138.2 REST
X	0.13262099	0.10936518	0.23004399	0.52796984
X	0.03645506	0.16907606	0.091766186	0.7064739
X	0.047768697	0.8585795	0.031426776	0.06599623
X	0.91263354	0.018856065	0.059082337	0.016341923
X	0.021370208	0.027655562	0.9528598	0.006285355
X	0.07668133	0.6147077	0.20301697	0.114393465
X	0.98994344	0.0043997485	0.007542426	0.007542426
X	0.0018856066	0.99685735	0.007542426	0.0031426775
X	0.021998743	0.9308611	0.01257071	0.043997485
X	0.5738529	0.12633564	0.101822756	0.20678818
X	0.13764928	0.23570082	0.0779384	0.55688244
X	0.024512885	0.0043997485	0.9748586	0.0043997485
X	0.01257071	0.0031426775	0.9912005	0.001257071
X	0.88372093	0.07039598	0.021370208	0.03205531
X	0.008170961	0.80452543	0.14644878	0.046511628
X	0.9893149	0.00565682	0.0043997485	0.006285355
X	0.026398491	0.008170961	0.9616593	0.00565682
X	0.12884977	0.6329353	0.115021996	0.12445003
X	0.23004399	0.0194846	0.43243244	0.3186675
X	0.13387807	0.58642364	0.20050283	0.07856694
X	0.11250786	0.7001886	0.023255814	0.16341923
MA0002.2 RUNX1
X	0.1435	0.248	0.348	0.2605
X	0.117	0.2425	0.2335	0.407
X	0.0615	0.536	0.0745	0.328
X	0.0285	0.0	0.0035	0.968
X	0.0	0.0375	0.936	0.0265
X	0.0435	0.0635	0.035	0.858
X	0.0	0.0	0.9935	0.0065
X	0.0085	0.021	0.924	0.0465
X	0.005	0.2	0.1255	0.6695
X	0.0655	0.2315	0.0405	0.6625
X	0.25	0.079	0.1445	0.5265
MA0047.2 Foxa2
X	0.0012376237	0.0012376237	0.0012376237	0.9962871
X	0.27351484	0.0037128713	0.72029704	0.0037128713
X	0.0012376237	0.0012376237	0.0012376237	0.99752474
X	0.0012376237	0.0037128713	0.044554457	0.9517327
X	0.0012376237	0.0012376237	0.21658416	0.7846535
X	0.9108911	0.004950495	0.08292079	0.0037128713
X	0.0024752475	0.89727724	0.0024752475	0.100247525
X	0.41831684	0.09529703	0.0037128713	0.4839109
X	0.06188119	0.3279703	0.07178218	0.53960395
X	0.5160891	0.0074257427	0.02970297	0.44554454
X	0.16212872	0.06559406	0.59653467	0.17326732
X	0.15965347	0.24133663	0.3589109	0.23391089
MA0112.2 ESR1
X	0.26124197	0.25695932	0.32976446	0.15203427
X	0.22912206	0.17130621	0.35117772	0.25053534
X	0.13704497	0.3704497	0.31905782	0.17558886
X	0.17773019	0.49036402	0.1391863	0.19914347
X	0.2869379	0.496788	0.1006424	0.12205567
X	0.6595289	0.059957173	0.19057816	0.102783725
X	0.0770878	0.01713062	0.8286938	0.09207709
X	0.040685225	0.0385439	0.8993576	0.0385439
X	0.07066381	0.08779443	0.19486082	0.66381156
X	0.00856531	0.84368306	0.113490365	0.051391862
X	0.8522484	0.02783726	0.057815846	0.079229124
X	0.124197	0.5353319	0.22912206	0.12847966
X	0.13490364	0.5910064	0.113490365	0.17773019
X	0.13704497	0.5524625	0.20770878	0.119914345
X	0.06852248	0.040685225	0.01713062	0.8907923
X	0.04496788	0.04710921	0.9122056	0.012847966
X	0.6531049	0.22698073	0.06638116	0.07066381
X	0.021413276	0.93361884	0.025695931	0.03640257
X	0.12633833	0.75588864	0.004282655	0.13062099
X	0.05567452	0.35331905	0.04710921	0.5610278
MA0065.2 PPARG::RXRA
X	0.109684944	0.36989498	0.37339556	0.1470245
X	0.11785298	0.19369894	0.14819136	0.54142356
X	0.45507586	0.026837807	0.4294049	0.09218203
X	0.11668611	0.0035005833	0.7829638	0.10151692
X	0.1621937	0.017502917	0.7864644	0.03967328
X	0.16919486	0.1505251	0.46091014	0.2252042
X	0.08284714	0.63827306	0.20886815	0.07701284
X	0.9556593	0.024504084	0.017502917	0.009334889
X	0.60910153	0.056009334	0.3150525	0.026837807
X	0.831972	0.0058343057	0.15985997	0.010501751
X	0.09568261	0.0023337223	0.8949825	0.014002333
X	0.047841307	0.010501751	0.80863476	0.14002334
X	0.025670946	0.115519255	0.30688447	0.55892646
X	0.0630105	0.6476079	0.16802801	0.12718786
X	0.78879815	0.067677945	0.054842472	0.094515756
MA0151.1 ARID3A
X	1.0	0.0	0.0	0.0
X	0.0	0.0	0.0	1.0
X	0.037037037	0.33333334	0.0	0.6296296
X	1.0	0.0	0.0	0.0
X	1.0	0.0	0.0	0.0
X	0.7407407	0.0	0.037037037	0.22222222
MA0152.1 NFATC2
X	0.115384616	0.03846154	0.07692308	0.7692308
X	0.03846154	0.07692308	0.07692308	0.8076923
