>TATA_known6	TBP_6	Tbp_bulyk_sc09-primary
N 0.221327 0.269618 0.215905 0.293150
Y 0.124324 0.399377 0.122464 0.353835
H 0.291647 0.232852 0.122870 0.352630
W 0.381252 0.098493 0.105716 0.414539
W 0.274538 0.038963 0.019877 0.666622
W 0.652158 0.005017 0.006783 0.336043
T 0.082858 0.007221 0.004029 0.905892
W 0.767761 0.002085 0.002044 0.228110
W 0.228110 0.002044 0.002085 0.767761
A 0.905892 0.004029 0.007221 0.082858
W 0.336043 0.006783 0.005017 0.652158
W 0.666622 0.019877 0.038963 0.274538
W 0.468941 0.109491 0.097950 0.323618
H 0.368784 0.290439 0.104608 0.236168
D 0.195946 0.133081 0.219649 0.451325
N 0.347848 0.220011 0.228182 0.203959
>TATA_disc6 TBP_GM12878_encode-Snyder_seq_hsa_IgG-mus_r1:MEME#1#Intergenic
T 0.000000 0.152174 0.000000 0.847826
T 0.000000 0.043478 0.152174 0.804348
Y 0.000000 0.673913 0.108696 0.217391
Y 0.000000 0.195652 0.021739 0.782609
S 0.043478 0.217391 0.717392 0.021739
A 1.000000 0.000000 0.000000 0.000000
T 0.000000 0.000000 0.021739 0.978261
T 0.021739 0.000000 0.000000 0.978261
G 0.000000 0.000000 0.978261 0.021739
G 0.000000 0.000000 1.000000 0.000000
MA0108.2 TBP
X	0.15681234	0.37275064	0.3907455	0.079691514
X	0.041131105	0.11825193	0.046272494	0.7943445
X	0.90488434	0.0	0.005141388	0.08997429
X	0.0077120825	0.025706941	0.005141388	0.9614396
X	0.9100257	0.0	0.012853471	0.077120826
X	0.688946	0.0	0.0	0.311054
X	0.92544985	0.0077120825	0.051413883	0.015424165
X	0.5706941	0.005141388	0.11311054	0.311054
X	0.3984576	0.11311054	0.40359896	0.08483291
X	0.14395887	0.3470437	0.3856041	0.12339332
X	0.21336761	0.37789202	0.32904884	0.079691514
X	0.21079692	0.32647815	0.32904884	0.1336761
X	0.21079692	0.3033419	0.32904884	0.15681234
X	0.17480719	0.27506426	0.35732648	0.19280206
X	0.19794345	0.2596401	0.35989717	0.18251929
>TATA_known1	TBP_1	TATA_transfac_M00216
N 0.224551 0.291168 0.185629 0.298653
S 0.000000 0.762154 0.198953 0.038893
Y 0.024682 0.249065 0.000000 0.726253
W 0.729993 0.000000 0.000000 0.270007
T 0.000000 0.000000 0.000000 1.000000
A 1.000000 0.000000 0.000000 0.000000
A 0.928144 0.000000 0.000000 0.071856
A 1.000000 0.000000 0.000000 0.000000
A 1.000000 0.000000 0.000000 0.000000
R 0.293413 0.101796 0.457335 0.147455
>TATA_known5	TBP_5	TBP_jaspar_MA0108.2
S 0.156812 0.372751 0.390746 0.079692
T 0.041131 0.118252 0.046272 0.794344
A 0.904884 0.000000 0.005141 0.089974
T 0.007712 0.025707 0.005141 0.961440
A 0.910026 0.000000 0.012853 0.077121
W 0.688946 0.000000 0.000000 0.311054
A 0.925450 0.007712 0.051414 0.015424
W 0.570694 0.005141 0.113111 0.311054
R 0.398458 0.113111 0.403599 0.084833
S 0.143959 0.347044 0.385604 0.123393
V 0.213368 0.377892 0.329049 0.079692
V 0.210797 0.326478 0.329049 0.133676
V 0.210797 0.303342 0.329049 0.156812
N 0.174807 0.275064 0.357326 0.192802
N 0.197943 0.259640 0.359897 0.182519
>TATA_known3	TBP_3	TBP_transfac_M00471
K 0.063830 0.085106 0.191489 0.659574
A 0.723404 0.000000 0.127660 0.148936
T 0.000000 0.000000 0.000000 1.000000
A 1.000000 0.000000 0.000000 0.000000
A 1.000000 0.000000 0.000000 0.000000
A 0.851064 0.021277 0.085106 0.042553
T 0.063830 0.063830 0.127660 0.744681
W 0.446809 0.085106 0.085106 0.382979
MA0386.1 TBP
X	0.2778335	0.25075227	0.3871615	0.08425276
X	0.33801404	0.19157472	0.14744233	0.32397193
X	0.2537613	0.3460381	0.08826479	0.31394184
X	0.16048144	0.2006018	0.1544634	0.48545638
X	0.5466399	0.13941826	0.1544634	0.16048144
X	0.11534604	0.098294884	0.7031093	0.08425276
X	0.28786358	0.19859579	0.2668004	0.24774323
X	0.332999	0.11033099	0.027081244	0.5305918
X	0.9097292	0.007021063	0.025075225	0.059177533
X	0.012036108	0.007021063	0.023069208	0.95787364
X	0.98395187	0.002006018	0.004012036	0.012036108
X	0.038114343	0.001003009	0.005015045	0.9568706
X	0.97291875	0.002006018	0.006018054	0.02006018
X	0.044132397	0.004012036	0.003009027	0.94984955
X	0.88565695	0.01003009	0.024072217	0.08124373
X	0.18655968	0.06218656	0.09428285	0.6589769
X	0.26479438	0.1223671	0.12938817	0.48445335
X	0.13741224	0.38114342	0.37011033	0.11233701
X	0.2668004	0.22868606	0.38515547	0.121364094
X	0.35105315	0.17652959	0.17251755	0.30190572
X	0.24874625	0.19358075	0.27081245	0.2868606
>TATA_known4	TBP_4	TBP_transfac_M00980
T 0.050000 0.050000 0.050000 0.850000
T 0.000000 0.000000 0.000000 1.000000
T 0.000000 0.000000 0.000000 1.000000
A 0.750000 0.100000 0.050000 0.100000
T 0.100000 0.000000 0.000000 0.900000
A 0.600000 0.150000 0.100000 0.150000
B 0.100000 0.400000 0.250000 0.250000
>TATA_disc4 TBP_K562_encode-Snyder_seq_hsa_IgG-mus_r1:MEME#1#Intergenic
G 0.146341 0.000000 0.707318 0.146341
G 0.121951 0.000000 0.878049 0.000000
G 0.000000 0.000000 1.000000 0.000000
G 0.000000 0.000000 1.000000 0.000000
C 0.000000 0.926829 0.000000 0.073171
G 0.073171 0.000000 0.926829 0.000000
G 0.000000 0.000000 0.865854 0.134146
G 0.146341 0.036585 0.817074 0.000000
G 0.000000 0.000000 0.975610 0.024390
M 0.195122 0.756098 0.024390 0.024390
>TATA_known2	TBP_2	TATA_transfac_M00252
S 0.156812 0.372751 0.390746 0.079692
T 0.041131 0.118252 0.046272 0.794344
A 0.904884 0.000000 0.005141 0.089974
T 0.007712 0.025707 0.005141 0.961440
A 0.910026 0.000000 0.012853 0.077121
W 0.688946 0.000000 0.000000 0.311054
A 0.925450 0.007712 0.051414 0.015424
W 0.570694 0.005141 0.113111 0.311054
R 0.398458 0.113111 0.403599 0.084833
S 0.143959 0.347044 0.385604 0.123393
V 0.213368 0.377892 0.329049 0.079692
V 0.210797 0.326478 0.329049 0.133676
V 0.210797 0.303342 0.329049 0.156812
N 0.174807 0.275064 0.357326 0.192802
N 0.197943 0.259640 0.359897 0.182519
>TATA_disc9 TBP_GM12878_encode-Snyder_seq_hsa_IgG-mus_r1:MDscan#2#Intergenic
A 0.810810 0.000000 0.094595 0.094595
T 0.094595 0.054054 0.000000 0.851351
W 0.364865 0.040541 0.000000 0.594594
T 0.054054 0.027027 0.000000 0.918919
G 0.067568 0.000000 0.932432 0.000000
C 0.000000 1.000000 0.000000 0.000000
A 0.932432 0.000000 0.027027 0.040541
W 0.445946 0.000000 0.027027 0.527027
A 0.783783 0.013514 0.067568 0.135135
W 0.175676 0.121622 0.013514 0.689188
