>BCL_disc1 BCLAF1_K562_encode-Myers_seq_hsa_M33-P5B11_r1:MDscan#2#Intergenic
R 0.413462 0.105769 0.432692 0.048077
S 0.086538 0.721154 0.192308 0.000000
C 0.144231 0.855769 0.000000 0.000000
G 0.000000 0.000000 1.000000 0.000000
G 0.028846 0.000000 0.971154 0.000000
A 1.000000 0.000000 0.000000 0.000000
A 0.971154 0.000000 0.000000 0.028846
G 0.009615 0.038462 0.932692 0.019231
Y 0.000000 0.201923 0.000000 0.798077
G 0.086538 0.057692 0.711539 0.144231
>BCL_disc8 BCLAF1_K562_encode-Myers_seq_hsa_M33-P5B11_r1:AlignACE#3#Intergenic
S 0.000000 0.349782 0.650218 0.000000
S 0.000000 0.555878 0.444122 0.000000
N 0.245283 0.269956 0.251089 0.233672
N 0.238026 0.268505 0.278665 0.214804
N 0.252540 0.232221 0.280116 0.235123
S 0.000000 0.412192 0.587808 0.000000
S 0.000000 0.632801 0.367199 0.000000
N 0.269956 0.229318 0.255443 0.245283
S 0.000000 0.339623 0.660377 0.000000
S 0.148041 0.532656 0.319303 0.000000
V 0.166909 0.312046 0.413643 0.107402
S 0.000000 0.409289 0.590711 0.000000
V 0.208999 0.364296 0.426705 0.000000
S 0.000000 0.406386 0.593614 0.000000
>BCL_disc10 BCLAF1_GM12878_encode-Myers_seq_hsa_v041610.1-M33-P5B11_r1:AlignACE#3#Intergenic
S 0.000000 0.319377 0.680623 0.000000
V 0.175268 0.412853 0.411879 0.000000
V 0.258033 0.290166 0.451801 0.000000
S 0.000000 0.336904 0.663096 0.000000
S 0.001947 0.712756 0.285297 0.000000
N 0.184031 0.177215 0.458617 0.180136
S 0.000000 0.236611 0.763389 0.000000
V 0.372931 0.333009 0.294060 0.000000
R 0.278481 0.147030 0.574489 0.000000
S 0.000000 0.394352 0.605648 0.000000
>BCL_disc9 BCLAF1_GM12878_encode-Myers_seq_hsa_v041610.1-M33-P5B11_r1:AlignACE#1#Intergenic
S 0.000000 0.448521 0.551479 0.000000
S 0.000000 0.472189 0.527811 0.000000
S 0.034320 0.536095 0.324260 0.105325
N 0.261538 0.236686 0.248521 0.253254
S 0.000000 0.365680 0.634320 0.000000
S 0.000000 0.605917 0.394083 0.000000
S 0.118343 0.396450 0.485207 0.000000
S 0.163314 0.294675 0.467456 0.074556
S 0.110059 0.400000 0.429586 0.060355
N 0.263905 0.241420 0.213018 0.281657
N 0.218935 0.228402 0.313609 0.239053
S 0.000000 0.572781 0.427219 0.000000
N 0.280473 0.247337 0.261538 0.210651
S 0.000000 0.305325 0.694675 0.000000
