>NFKB_known3	NFKB_1	NF-kappaB_transfac_M00054
G 0.000000 0.000000 1.000000 0.000000
G 0.000000 0.000000 1.000000 0.000000
G 0.025000 0.000000 0.975000 0.000000
R 0.675000 0.000000 0.325000 0.000000
M 0.525000 0.325000 0.025000 0.125000
W 0.200000 0.025000 0.075000 0.700000
T 0.025000 0.050000 0.050000 0.875000
Y 0.050000 0.450000 0.000000 0.500000
C 0.075000 0.900000 0.000000 0.025000
C 0.000000 0.950000 0.000000 0.050000
>NFKB_known11	NFKB2_1	NFKB2_jolma_DBD_M190
N 0.427820 0.208436 0.195706 0.168039
G 0.006124 0.005881 0.987752 0.000243
G 0.000062 0.000062 0.999689 0.000187
G 0.000481 0.000301 0.965249 0.033969
G 0.158606 0.000655 0.781954 0.058785
A 0.772422 0.090054 0.078901 0.058623
W 0.460091 0.005327 0.004528 0.530054
T 0.080227 0.095411 0.073661 0.750701
C 0.061968 0.800858 0.001382 0.135792
C 0.019732 0.976800 0.000077 0.003391
C 0.000157 0.999607 0.000079 0.000157
C 0.000619 0.997369 0.000232 0.001780
B 0.117299 0.255339 0.167614 0.459748
>NFKB_known7	NFKB_5	NF-kappaB_jaspar_MA0061.1
G 0.000000 0.000000 1.000000 0.000000
G 0.000000 0.000000 1.000000 0.000000
G 0.026316 0.000000 0.973684 0.000000
R 0.657895 0.000000 0.342105 0.000000
M 0.500000 0.342105 0.026316 0.131579
W 0.184211 0.026316 0.078947 0.710526
T 0.026316 0.052632 0.052632 0.868421
Y 0.052632 0.447368 0.000000 0.500000
C 0.052632 0.921053 0.000000 0.026316
C 0.000000 0.947368 0.000000 0.052632
>NFKB_known4	NFKB_2	NF-kappaB_transfac_M00194
D 0.307692 0.076923 0.307692 0.307692
K 0.153846 0.000000 0.615385 0.230769
G 0.000000 0.000000 0.846154 0.153846
G 0.000000 0.000000 1.000000 0.000000
G 0.076923 0.000000 0.923077 0.000000
A 1.000000 0.000000 0.000000 0.000000
M 0.461538 0.461538 0.000000 0.076923
T 0.076923 0.076923 0.153846 0.692308
Y 0.000000 0.230769 0.000000 0.769231
Y 0.076923 0.230769 0.000000 0.692308
C 0.076923 0.923077 0.000000 0.000000
C 0.000000 0.923077 0.000000 0.076923
B 0.153846 0.307692 0.230769 0.307692
N 0.230769 0.307692 0.230769 0.230769
>NFKB_disc4 NFKB1_GM18951_encode-Snyder_seq_hsa_IgG-rab_r1:Trawler#2#Intergenic
A 1.000000 0.000000 0.000000 0.000000
A 1.000000 0.000000 0.000000 0.000000
A 0.869565 0.000000 0.130435 0.000000
S 0.000000 0.391304 0.608696 0.000000
T 0.000000 0.000000 0.000000 1.000000
C 0.000000 1.000000 0.000000 0.000000
C 0.000000 1.000000 0.000000 0.000000
C 0.000000 1.000000 0.000000 0.000000
M 0.304348 0.695652 0.000000 0.000000
>NFKB_known9	RELA_2	RELA_jaspar_MA0107.1
S 0.000000 0.222222 0.611111 0.166667
G 0.000000 0.000000 0.944444 0.055556
G 0.000000 0.000000 1.000000 0.000000
R 0.611111 0.000000 0.388889 0.000000
R 0.555556 0.166667 0.222222 0.055556
T 0.111111 0.000000 0.000000 0.888889
T 0.000000 0.000000 0.000000 1.000000
T 0.000000 0.111111 0.000000 0.888889
C 0.000000 1.000000 0.000000 0.000000
C 0.000000 1.000000 0.000000 0.000000
>NFKB_known5	NFKB_3	NF-kappaB_transfac_M00208
R 0.265297 0.133333 0.450228 0.151142
G 0.000000 0.000000 1.000000 0.000000
G 0.000000 0.000000 1.000000 0.000000
G 0.000000 0.000000 1.000000 0.000000
A 1.000000 0.000000 0.000000 0.000000
H 0.184018 0.573516 0.000000 0.242466
T 0.062695 0.000000 0.000000 0.937305
Y 0.000000 0.264117 0.000000 0.735883
Y 0.000000 0.306803 0.000000 0.693197
C 0.055276 0.944724 0.000000 0.000000
C 0.034682 0.965318 0.000000 0.000000
M 0.582481 0.213873 0.115607 0.088039
>NFKB_known10	NFKB1_3	NFKB1_jolma_DBD_M189
A 0.688387 0.164166 0.080737 0.066710
G 0.000472 0.000000 0.999266 0.000262
G 0.000000 0.000156 0.999740 0.000104
G 0.000205 0.000000 0.983478 0.016317
G 0.011614 0.000152 0.986865 0.001369
A 0.929534 0.004801 0.063574 0.002091
W 0.507574 0.001305 0.002319 0.488802
T 0.001391 0.082865 0.007332 0.908412
C 0.001748 0.984473 0.000411 0.013368
C 0.049517 0.950084 0.000100 0.000299
C 0.000417 0.999271 0.000104 0.000208
C 0.000621 0.998344 0.000207 0.000828
K 0.080679 0.084742 0.219426 0.615153
>NFKB_disc2 NFKB1_GM12878_encode-Snyder_seq_hsa_TNFa_r1:AlignACE#2#Intergenic
B 0.000000 0.350000 0.396875 0.253125
S 0.000000 0.681250 0.318750 0.000000
W 0.462500 0.000000 0.000000 0.537500
G 0.000000 0.000000 1.000000 0.000000
G 0.000000 0.000000 1.000000 0.000000
G 0.000000 0.000000 1.000000 0.000000
R 0.290625 0.143750 0.565625 0.000000
V 0.531250 0.256250 0.212500 0.000000
N 0.300000 0.193750 0.196875 0.309375
D 0.181250 0.159375 0.253125 0.406250
B 0.000000 0.187500 0.296875 0.515625
B 0.000000 0.512500 0.278125 0.209375
>NFKB_known8	NFKB1_2	NFKB1_jaspar_MA0105.1
G 0.000000 0.000000 1.000000 0.000000
G 0.000000 0.000000 1.000000 0.000000
G 0.000000 0.000000 1.000000 0.000000
G 0.111111 0.000000 0.888889 0.000000
R 0.611111 0.055556 0.333333 0.000000
W 0.277778 0.000000 0.111111 0.611111
Y 0.000000 0.277778 0.111111 0.611111
Y 0.000000 0.722222 0.000000 0.277778
C 0.000000 0.944444 0.000000 0.055556
C 0.000000 1.000000 0.000000 0.000000
C 0.055556 0.833333 0.055556 0.055556
>NFKB_known6	NFKB_4	NF-kappaB_transfac_M00774
B 0.160000 0.200000 0.360000 0.280000
N 0.186667 0.253333 0.293333 0.266667
N 0.253333 0.320000 0.213333 0.213333
N 0.226667 0.226667 0.280000 0.266667
K 0.106667 0.120000 0.466667 0.306667
G 0.040000 0.026667 0.906667 0.026667
G 0.053333 0.013333 0.893333 0.040000
R 0.613333 0.000000 0.360000 0.026667
A 0.826667 0.040000 0.120000 0.013333
A 0.946667 0.026667 0.026667 0.000000
D 0.213333 0.146667 0.293333 0.346667
Y 0.053333 0.200000 0.026667 0.720000
C 0.040000 0.906667 0.000000 0.053333
C 0.013333 0.960000 0.000000 0.026667
C 0.133333 0.773333 0.013333 0.080000
N 0.226667 0.280000 0.253333 0.240000
>NFKB_known2	RELA_1	NF-kappaB-(p65)_transfac_M00052
B 0.000000 0.222222 0.555556 0.222222
G 0.000000 0.000000 1.000000 0.000000
G 0.000000 0.000000 1.000000 0.000000
R 0.611111 0.000000 0.388889 0.000000
M 0.555556 0.166667 0.166667 0.111111
T 0.111111 0.000000 0.000000 0.888889
T 0.000000 0.000000 0.000000 1.000000
T 0.000000 0.166667 0.000000 0.833333
C 0.000000 1.000000 0.000000 0.000000
C 0.000000 1.000000 0.000000 0.000000
>NFKB_known1	NFKB1_1	NF-kappaB-(p50)_transfac_M00051
G 0.000000 0.000000 1.000000 0.000000
G 0.000000 0.000000 1.000000 0.000000
G 0.000000 0.000000 1.000000 0.000000
G 0.111111 0.000000 0.888889 0.000000
A 0.888889 0.055556 0.000000 0.055556
K 0.000000 0.000000 0.166667 0.833333
Y 0.000000 0.388889 0.055556 0.555556
C 0.000000 0.888889 0.000000 0.111111
C 0.000000 1.000000 0.000000 0.000000
C 0.000000 0.944444 0.055556 0.000000
MA0105.3 NFKB1
X	0.11150235	0.062402193	0.5246479	0.30144757
X	0.010758999	0.0	0.989241	0.0
X	0.023669796	0.0	0.9589202	0.017410016
X	0.6144366	0.043818466	0.3198357	0.021909233
X	0.43583724	0.23552425	0.15884194	0.16979656
X	0.0	0.0	0.0	1.0
X	0.0	0.010758999	0.016431924	0.9728091
X	0.0	0.2985133	0.0	0.7014867
X	0.0	0.950313	0.0	0.04968701
X	0.0	0.9831768	0.0	0.016823161
X	0.3090767	0.46850547	0.052621283	0.16979656
>NFKB_disc3 NFKB1_GM10847_encode-Snyder_seq_hsa_IgG-rab_r1:Trawler#1#Intergenic
A 0.939024 0.012195 0.024390 0.024390
A 1.000000 0.000000 0.000000 0.000000
A 1.000000 0.000000 0.000000 0.000000
Y 0.146341 0.182927 0.073171 0.597561
C 0.121951 0.878049 0.000000 0.000000
C 0.060976 0.926829 0.012195 0.000000
C 0.000000 1.000000 0.000000 0.000000
C 0.048780 0.890244 0.012195 0.048780
T 0.000000 0.121951 0.158537 0.719512
N 0.256098 0.280488 0.195122 0.268293
>NFKB_disc1 NFKB1_GM19193_encode-Snyder_seq_hsa_IgG-rab_r1:MDscan#1#Intergenic
K 0.000000 0.000000 0.737500 0.262500
G 0.000000 0.000000 1.000000 0.000000
G 0.000000 0.000000 1.000000 0.000000
R 0.570833 0.000000 0.429167 0.000000
A 0.837500 0.158333 0.004167 0.000000
W 0.395833 0.000000 0.000000 0.604167
T 0.000000 0.004167 0.000000 0.995833
Y 0.000000 0.383333 0.000000 0.616667
C 0.000000 1.000000 0.000000 0.000000
C 0.000000 1.000000 0.000000 0.000000
